BINARY SEARCH ANALYSIS
Array Size = 6000
-------------------------------------------
Iteration	Key	Index	Time (sec)
-------------------------------------------
   1		  9223	Not Found	0.00000020000000000000
   2		  5778	  3060	0.00000010000000000000
   3		  1453	   772	0.00000010000000000000
   4		  1788	   960	0.00000010000000000000
   5		 11261	  5693	0.00000020000000000000
   6		  6271	  3338	0.00000010000000000000
   7		  5367	  2840	0.00000010000000000000
   8		  8555	Not Found	0.00000020000000000000
   9		  1260	Not Found	0.00000020000000000000
  10		  8223	  4434	0.00000010000000000000
  11		  3570	Not Found	0.00000010000000000000
  12		 11274	Not Found	0.00000010000000000000
  13		  7674	Not Found	0.00000010000000000000
  14		  5455	  2887	0.00000010000000000000
  15		  9908	Not Found	0.00000010000000000000
  16		   264	Not Found	0.00000020000000000000
  17		  8974	Not Found	0.00000020000000000000
  18		  2186	Not Found	0.00000010000000000000
  19		  6592	Not Found	0.00000020000000000000
  20		  2064	Not Found	0.00000010000000000000
  21		  5812	Not Found	0.00000020000000000000
  22		 11098	  5619	0.00000010000000000000
  23		  6021	Not Found	0.00000020000000000000
  24		  7425	Not Found	0.00000010000000000000
  25		  5539	  2930	0.00000010000000000000
  26		  1901	Not Found	0.00000020000000000000
  27		  5896	Not Found	0.00000020000000000000
  28		  8093	Not Found	0.00000010000000000000
  29		  5694	  3024	0.00000010000000000000
  30		  1548	Not Found	0.00000010000000000000
  31		   259	   129	0.00000010000000000000
  32		  5605	Not Found	0.00000010000000000000
  33		  4280	Not Found	0.00000010000000000000
  34		 11657	  5850	0.00000020000000000000
  35		  1262	   668	0.00000010000000000000
  36		  7333	  3906	0.00000010000000000000
  37		   699	Not Found	0.00000020000000000000
  38		 10295	  5339	0.00000020000000000000
  39		  5373	Not Found	0.00000010000000000000
  40		  5484	Not Found	0.00000020000000000000
  41		  8650	Not Found	0.00000020000000000000
  42		  8734	Not Found	0.00000010000000000000
  43		  9738	  5137	0.00000010000000000000
  44		   895	   477	0.00000010000000000000
  45		  7045	Not Found	0.00000010000000000000
  46		  4814	Not Found	0.00000010000000000000
  47		 11956	Not Found	0.00000010000000000000
  48		  2703	Not Found	0.00000010000000000000
  49		  3949	Not Found	0.00000020000000000000
  50		  1524	   824	0.00000010000000000000
  51		  8519	  4620	0.00000010000000000000
  52		  4840	Not Found	0.00000010000000000000
  53		  7113	  3783	0.00000010000000000000
  54		  5803	Not Found	0.00000010000000000000
  55		  2718	Not Found	0.00000010000000000000
  56		  1482	   787	0.00000010000000000000
  57		  6889	Not Found	0.00000020000000000000
  58		  8661	  4690	0.00000010000000000000
  59		  8167	Not Found	0.00000020000000000000
  60		  4093	Not Found	0.00000010000000000000
  61		 11561	  5812	0.00000010000000000000
  62		  2827	Not Found	0.00000020000000000000
  63		  9862	Not Found	0.00000010000000000000
  64		  5441	  2880	0.00000010000000000000
  65		  6872	  3663	0.00000010000000000000
  66		  3953	Not Found	0.00000010000000000000
  67		  5981	Not Found	0.00000010000000000000
  68		 11524	  5794	0.00000010000000000000
  69		  7161	Not Found	0.00000010000000000000
  70		  2828	Not Found	0.00000010000000000000
  71		   939	   497	0.00000010000000000000
  72		  5560	Not Found	0.00000010000000000000
  73		  3913	Not Found	0.00000020000000000000
  74		  7544	Not Found	0.00000010000000000000
  75		  4178	Not Found	0.00000020000000000000
  76		 10660	  5473	0.00000010000000000000
  77		  3107	  1655	0.00000010000000000000
  78		  4278	  2242	0.00000010000000000000
  79		   253	Not Found	0.00000010000000000000
  80		  4569	Not Found	0.00000010000000000000
  81		 11648	Not Found	0.00000020000000000000
  82		  6275	  3340	0.00000020000000000000
  83		  8385	  4537	0.00000010000000000000
  84		  7272	Not Found	0.00000010000000000000
  85		   419	Not Found	0.00000010000000000000
  86		  1711	Not Found	0.00000020000000000000
  87		  9219	Not Found	0.00000010000000000000
  88		  6194	  3281	0.00000010000000000000
  89		  5140	Not Found	0.00000030000000000000
  90		  8268	Not Found	0.00000010000000000000
  91		  8314	Not Found	0.00000010000000000000
  92		  1056	Not Found	0.00000010000000000000
  93		  9067	  4862	0.00000010000000000000
  94		  2693	  1440	0.00000010000000000000
  95		   279	Not Found	0.00000010000000000000
  96		  9876	Not Found	0.00000010000000000000
  97		  9616	  5084	0.00000010000000000000
  98		  4241	Not Found	0.00000010000000000000
  99		  6147	  3261	0.00000010000000000000
 100		 10784	  5513	0.00000010000000000000
 101		  3872	Not Found	0.00000010000000000000
 102		  7784	  4176	0.00000010000000000000
 103		   519	   264	0.00000010000000000000
 104		  9142	  4894	0.00000010000000000000
 105		  2003	Not Found	0.00000020000000000000
 106		  9525	Not Found	0.00000020000000000000
 107		  4466	  2344	0.00000010000000000000
 108		  1567	Not Found	0.00000010000000000000
 109		  4283	Not Found	0.00000020000000000000
 110		  1069	Not Found	0.00000010000000000000
 111		 11158	  5650	0.00000020000000000000
 112		  9744	Not Found	0.00000010000000000000
 113		    15	Not Found	0.00000010000000000000
 114		   799	   414	0.00000020000000000000
 115		  7764	Not Found	0.00000020000000000000
 116		  8665	Not Found	0.00000010000000000000
 117		  5706	  3030	0.00000020000000000000
 118		  2476	  1324	0.00000020000000000000
 119		  2906	Not Found	0.00000010000000000000
 120		   224	Not Found	0.00000010000000000000
 121		  4653	Not Found	0.00000010000000000000
 122		  5529	  2924	0.00000020000000000000
 123		  1034	   550	0.00000010000000000000
 124		  5550	  2934	0.00000010000000000000
 125		  9772	Not Found	0.00000020000000000000
 126		   962	   508	0.00000010000000000000
 127		  5180	  2739	0.00000020000000000000
 128		  7784	  4176	0.00000010000000000000
 129		  7016	  3727	0.00000020000000000000
 130		  9970	  5222	0.00000010000000000000
 131		    71	    38	0.00000010000000000000
 132		  4065	  2127	0.00000020000000000000
 133		 11864	  5926	0.00000020000000000000
 134		  2096	Not Found	0.00000010000000000000
 135		  3036	  1608	0.00000020000000000000
 136		  8269	  4457	0.00000010000000000000
 137		  2222	Not Found	0.00000020000000000000
 138		   956	Not Found	0.00000020000000000000
 139		 11955	Not Found	0.00000010000000000000
 140		 11449	  5769	0.00000010000000000000
 141		 10967	Not Found	0.00000010000000000000
 142		 11899	Not Found	0.00000010000000000000
 143		   426	Not Found	0.00000020000000000000
 144		  9626	Not Found	0.00000010000000000000
 145		  2114	  1129	0.00000010000000000000
 146		  4399	Not Found	0.00000020000000000000
 147		  1706	Not Found	0.00000010000000000000
 148		  9924	  5199	0.00000010000000000000
 149		  1221	   655	0.00000010000000000000
 150		  9546	Not Found	0.00000010000000000000
 151		 11629	  5840	0.00000010000000000000
 152		  9756	Not Found	0.00000020000000000000
 153		  8444	  4574	0.00000010000000000000
 154		  4196	Not Found	0.00000020000000000000
 155		  6334	  3372	0.00000020000000000000
 156		  8207	  4419	0.00000020000000000000
 157		  5204	Not Found	0.00000020000000000000
 158		   779	Not Found	0.00000010000000000000
 159		  3935	Not Found	0.00000010000000000000
 160		 11555	  5809	0.00000010000000000000
 161		  1928	  1029	0.00000020000000000000
 162		 11995	Not Found	0.00000010000000000000
 163		 11377	Not Found	0.00000010000000000000
 164		   687	   354	0.00000010000000000000
 165		  2601	  1380	0.00000010000000000000
 166		  8495	  4606	0.00000010000000000000
 167		  8495	  4606	0.00000000000000000000
 168		 10663	  5476	0.00000010000000000000
 169		   227	Not Found	0.00000020000000000000
 170		  9526	Not Found	0.00000010000000000000
 171		  5308	Not Found	0.00000020000000000000
 172		  7739	Not Found	0.00000020000000000000
 173		  5821	Not Found	0.00000020000000000000
 174		  6505	Not Found	0.00000010000000000000
 175		  1502	   809	0.00000010000000000000
 176		 11297	Not Found	0.00000010000000000000
 177		 11361	Not Found	0.00000020000000000000
 178		  3484	Not Found	0.00000010000000000000
 179		  6411	  3412	0.00000020000000000000
 180		  4783	Not Found	0.00000010000000000000
 181		  1949	Not Found	0.00000020000000000000
 182		  1394	Not Found	0.00000020000000000000
 183		   163	Not Found	0.00000010000000000000
 184		 11117	Not Found	0.00000020000000000000
 185		  1577	   856	0.00000020000000000000
 186		 11126	  5637	0.00000010000000000000
 187		  3070	Not Found	0.00000010000000000000
 188		  7723	Not Found	0.00000020000000000000
 189		  2858	Not Found	0.00000020000000000000
 190		   776	   407	0.00000010000000000000
 191		    72	    39	0.00000010000000000000
 192		  7727	  4147	0.00000010000000000000
 193		 11095	Not Found	0.00000010000000000000
 194		  1045	Not Found	0.00000010000000000000
 195		  8233	Not Found	0.00000010000000000000
 196		 11570	Not Found	0.00000020000000000000
 197		  7354	  3919	0.00000010000000000000
 198		  9195	  4912	0.00000020000000000000
 199		  9674	Not Found	0.00000020000000000000
 200		  8331	Not Found	0.00000010000000000000
 201		  5561	  2946	0.00000010000000000000
 202		  6026	Not Found	0.00000020000000000000
 203		   501	   250	0.00000010000000000000
 204		  7467	Not Found	0.00000010000000000000
 205		  8246	Not Found	0.00000010000000000000
 206		   414	Not Found	0.00000020000000000000
 207		  5532	  2927	0.00000010000000000000
 208		  3819	  2005	0.00000020000000000000
 209		  5523	Not Found	0.00000010000000000000
 210		 10637	Not Found	0.00000010000000000000
 211		  4317	  2263	0.00000020000000000000
 212		  3811	  2000	0.00000020000000000000
 213		  5146	  2718	0.00000020000000000000
 214		  2284	  1225	0.00000020000000000000
 215		 10981	  5574	0.00000010000000000000
 216		  7389	Not Found	0.00000010000000000000
 217		   540	Not Found	0.00000010000000000000
 218		  2583	Not Found	0.00000010000000000000
 219		  8338	Not Found	0.00000010000000000000
 220		  6698	Not Found	0.00000020000000000000
 221		  4504	  2358	0.00000020000000000000
 222		  7072	  3757	0.00000020000000000000
 223		 11581	Not Found	0.00000020000000000000
 224		  6355	  3388	0.00000010000000000000
 225		  6078	Not Found	0.00000010000000000000
 226		 11560	Not Found	0.00000010000000000000
 227		  4888	Not Found	0.00000020000000000000
 228		 10930	  5559	0.00000020000000000000
 229		  7829	Not Found	0.00000020000000000000
 230		  8204	Not Found	0.00000010000000000000
 231		  2740	  1463	0.00000010000000000000
 232		  3425	  1792	0.00000020000000000000
 233		  8890	  4800	0.00000010000000000000
 234		  8193	Not Found	0.00000010000000000000
 235		 11591	Not Found	0.00000020000000000000
 236		 11731	Not Found	0.00000010000000000000
 237		    74	Not Found	0.00000010000000000000
 238		 10179	Not Found	0.00000010000000000000
 239		  3820	  2008	0.00000010000000000000
 240		  3938	  2060	0.00000020000000000000
 241		  5793	  3065	0.00000010000000000000
 242		 11083	  5614	0.00000020000000000000
 243		  3178	  1686	0.00000010000000000000
 244		  7177	Not Found	0.00000020000000000000
 245		  3268	Not Found	0.00000010000000000000
 246		 11199	Not Found	0.00000010000000000000
 247		  5946	Not Found	0.00000020000000000000
 248		  2099	  1118	0.00000010000000000000
 249		  2940	Not Found	0.00000020000000000000
 250		  5006	Not Found	0.00000020000000000000
 251		  1315	Not Found	0.00000010000000000000
 252		  1492	   798	0.00000020000000000000
 253		   644	   328	0.00000010000000000000
 254		  1884	  1002	0.00000010000000000000
 255		 11848	Not Found	0.00000020000000000000
 256		  9175	Not Found	0.00000020000000000000
 257		 10629	  5465	0.00000010000000000000
 258		   315	Not Found	0.00000020000000000000
 259		 11365	  5729	0.00000010000000000000
 260		  7351	Not Found	0.00000020000000000000
 261		  7232	  3848	0.00000010000000000000
 262		 10555	  5439	0.00000020000000000000
 263		  8022	  4308	0.00000010000000000000
 264		   849	   443	0.00000010000000000000
 265		  9228	Not Found	0.00000010000000000000
 266		  9635	Not Found	0.00000010000000000000
 267		  6873	Not Found	0.00000020000000000000
 268		  2458	  1311	0.00000000000000000000
 269		  4480	Not Found	0.00000010000000000000
 270		  8608	Not Found	0.00000010000000000000
 271		  8596	  4660	0.00000010000000000000
 272		  7149	Not Found	0.00000010000000000000
 273		  6643	Not Found	0.00000020000000000000
 274		  7453	  3993	0.00000010000000000000
 275		    58	    31	0.00000010000000000000
 276		  5576	Not Found	0.00000010000000000000
 277		  7042	Not Found	0.00000010000000000000
 278		  6452	Not Found	0.00000020000000000000
 279		  9386	Not Found	0.00000020000000000000
 280		  4760	  2515	0.00000020000000000000
 281		  9203	Not Found	0.00000010000000000000
 282		 11940	  5967	0.00000020000000000000
 283		  7256	  3860	0.00000010000000000000
 284		  4369	  2296	0.00000020000000000000
 285		  3287	  1734	0.00000020000000000000
 286		  2148	Not Found	0.00000010000000000000
 287		  7184	Not Found	0.00000010000000000000
 288		  3138	Not Found	0.00000020000000000000
 289		  6548	Not Found	0.00000010000000000000
 290		 10262	Not Found	0.00000010000000000000
 291		 11769	Not Found	0.00000010000000000000
 292		  5481	Not Found	0.00000020000000000000
 293		  3044	  1613	0.00000010000000000000
 294		 10304	Not Found	0.00000010000000000000
 295		   311	Not Found	0.00000020000000000000
 296		  9187	  4907	0.00000010000000000000
 297		  7480	  4012	0.00000020000000000000
 298		  6135	  3257	0.00000020000000000000
 299		  6259	Not Found	0.00000020000000000000
 300		  7943	Not Found	0.00000010000000000000
 301		  7074	  3759	0.00000010000000000000
 302		  5532	  2927	0.00000010000000000000
 303		  5022	Not Found	0.00000010000000000000
 304		  3860	  2029	0.00000020000000000000
 305		  3505	  1828	0.00000010000000000000
 306		 11020	  5594	0.00000010000000000000
 307		  2099	  1118	0.00000020000000000000
 308		  2375	Not Found	0.00000010000000000000
 309		  7166	  3812	0.00000010000000000000
 310		  9843	Not Found	0.00000020000000000000
 311		  9789	  5152	0.00000010000000000000
 312		  4562	Not Found	0.00000020000000000000
 313		  3175	Not Found	0.00000010000000000000
 314		  7104	  3775	0.00000010000000000000
 315		  7962	  4273	0.00000010000000000000
 316		  6121	  3248	0.00000010000000000000
 317		  4409	Not Found	0.00000020000000000000
 318		 10591	Not Found	0.00000010000000000000
 319		  3134	Not Found	0.00000010000000000000
 320		  8414	  4554	0.00000010000000000000
 321		 10291	Not Found	0.00000020000000000000
 322		  5763	Not Found	0.00000010000000000000
 323		  6746	  3602	0.00000010000000000000
 324		 11568	Not Found	0.00000020000000000000
 325		  8713	Not Found	0.00000010000000000000
 326		  5762	Not Found	0.00000010000000000000
 327		 11327	Not Found	0.00000020000000000000
 328		  7008	Not Found	0.00000010000000000000
 329		  7366	  3927	0.00000010000000000000
 330		  5350	Not Found	0.00000010000000000000
 331		  4670	Not Found	0.00000020000000000000
 332		  7780	Not Found	0.00000010000000000000
 333		  9430	  5003	0.00000010000000000000
 334		  8576	Not Found	0.00000020000000000000
 335		  4721	  2500	0.00000010000000000000
 336		 11231	Not Found	0.00000010000000000000
 337		  9859	Not Found	0.00000020000000000000
 338		  5696	Not Found	0.00000010000000000000
 339		  3455	Not Found	0.00000020000000000000
 340		   240	   118	0.00000010000000000000
 341		  7070	  3754	0.00000010000000000000
 342		  4962	Not Found	0.00000010000000000000
 343		  4572	  2403	0.00000010000000000000
 344		  8682	Not Found	0.00000010000000000000
 345		  1056	Not Found	0.00000010000000000000
 346		  3627	  1896	0.00000010000000000000
 347		  8239	  4444	0.00000010000000000000
 348		  7908	  4249	0.00000010000000000000
 349		  5490	Not Found	0.00000010000000000000
 350		  6965	Not Found	0.00000010000000000000
 351		  3097	Not Found	0.00000010000000000000
 352		   850	Not Found	0.00000020000000000000
 353		  7434	Not Found	0.00000020000000000000
 354		  2280	Not Found	0.00000020000000000000
 355		  1490	Not Found	0.00000010000000000000
 356		   692	   360	0.00000010000000000000
 357		 11190	  5666	0.00000010000000000000
 358		  5033	Not Found	0.00000010000000000000
 359		  4182	  2187	0.00000010000000000000
 360		  9326	  4965	0.00000010000000000000
 361		  4798	Not Found	0.00000010000000000000
 362		 11575	Not Found	0.00000010000000000000
 363		  3872	Not Found	0.00000010000000000000
 364		  7160	  3806	0.00000010000000000000
 365		  4165	Not Found	0.00000010000000000000
 366		  5619	Not Found	0.00000010000000000000
 367		  1942	Not Found	0.00000020000000000000
 368		  2102	  1121	0.00000010000000000000
 369		  1840	   978	0.00000010000000000000
 370		  1568	   849	0.00000010000000000000
 371		  8357	Not Found	0.00000010000000000000
 372		  1130	Not Found	0.00000010000000000000
 373		  1227	Not Found	0.00000020000000000000
 374		  9196	Not Found	0.00000010000000000000
 375		  5614	Not Found	0.00000010000000000000
 376		  3976	Not Found	0.00000010000000000000
 377		  6632	Not Found	0.00000020000000000000
 378		 11277	Not Found	0.00000010000000000000
 379		  4513	Not Found	0.00000020000000000000
 380		  3723	Not Found	0.00000020000000000000
 381		  5513	Not Found	0.00000020000000000000
 382		  8047	Not Found	0.00000010000000000000
 383		  6473	  3442	0.00000020000000000000
 384		  3814	  2001	0.00000010000000000000
 385		  7136	  3798	0.00000020000000000000
 386		 10989	Not Found	0.00000020000000000000
 387		  2505	Not Found	0.00000020000000000000
 388		  9534	Not Found	0.00000010000000000000
 389		 10165	Not Found	0.00000020000000000000
 390		  2015	Not Found	0.00000010000000000000
 391		  1221	   655	0.00000010000000000000
 392		  1142	Not Found	0.00000010000000000000
 393		  7272	Not Found	0.00000020000000000000
 394		  4051	Not Found	0.00000010000000000000
 395		  1412	   747	0.00000010000000000000
 396		  4107	  2153	0.00000010000000000000
 397		  5399	Not Found	0.00000010000000000000
 398		  9566	Not Found	0.00000020000000000000
 399		  2164	Not Found	0.00000020000000000000
 400		  3297	Not Found	0.00000020000000000000
 401		 11938	  5966	0.00000010000000000000
 402		 11828	  5909	0.00000020000000000000
 403		 10350	  5366	0.00000010000000000000
 404		  7677	Not Found	0.00000020000000000000
 405		    77	Not Found	0.00000010000000000000
 406		  2647	  1413	0.00000010000000000000
 407		  7419	  3975	0.00000010000000000000
 408		  4053	Not Found	0.00000010000000000000
 409		  1574	   852	0.00000020000000000000
 410		  3693	Not Found	0.00000020000000000000
 411		   984	Not Found	0.00000020000000000000
 412		  7620	Not Found	0.00000010000000000000
 413		 10663	  5476	0.00000020000000000000
 414		  7637	  4109	0.00000010000000000000
 415		  7286	  3874	0.00000010000000000000
 416		 11587	Not Found	0.00000010000000000000
 417		  5214	Not Found	0.00000020000000000000
 418		  1403	Not Found	0.00000020000000000000
 419		  2374	  1275	0.00000010000000000000
 420		 10836	Not Found	0.00000020000000000000
 421		  6060	  3223	0.00000020000000000000
 422		  1322	   697	0.00000020000000000000
 423		   947	Not Found	0.00000020000000000000
 424		 10368	  5374	0.00000010000000000000
 425		  1099	   584	0.00000010000000000000
 426		  1121	   593	0.00000010000000000000
 427		  8143	Not Found	0.00000010000000000000
 428		  3781	  1978	0.00000010000000000000
 429		  4916	Not Found	0.00000010000000000000
 430		  3881	  2038	0.00000010000000000000
 431		 11027	  5598	0.00000010000000000000
 432		  2856	Not Found	0.00000020000000000000
 433		  8991	Not Found	0.00000020000000000000
 434		  3846	  2023	0.00000020000000000000
 435		  7521	  4041	0.00000010000000000000
 436		  4273	Not Found	0.00000020000000000000
 437		  9259	  4935	0.00000010000000000000
 438		  4748	Not Found	0.00000020000000000000
 439		  3724	Not Found	0.00000010000000000000
 440		  5431	  2871	0.00000020000000000000
 441		  5441	  2880	0.00000010000000000000
 442		  4691	  2476	0.00000010000000000000
 443		  3163	  1678	0.00000010000000000000
 444		  4793	Not Found	0.00000010000000000000
 445		  6164	Not Found	0.00000020000000000000
 446		  3790	  1984	0.00000010000000000000
 447		  5257	  2779	0.00000010000000000000
 448		   431	   218	0.00000020000000000000
 449		  5836	Not Found	0.00000020000000000000
 450		 10745	  5501	0.00000010000000000000
 451		  1457	   776	0.00000010000000000000
 452		  6176	  3273	0.00000010000000000000
 453		    36	    19	0.00000010000000000000
 454		  2130	Not Found	0.00000020000000000000
 455		  5256	Not Found	0.00000010000000000000
 456		  4437	Not Found	0.00000020000000000000
 457		  6320	Not Found	0.00000020000000000000
 458		 11306	Not Found	0.00000020000000000000
 459		   235	   113	0.00000020000000000000
 460		  8334	Not Found	0.00000010000000000000
 461		 11843	  5916	0.00000010000000000000
 462		  9979	Not Found	0.00000010000000000000
 463		  1563	Not Found	0.00000020000000000000
 464		  4499	Not Found	0.00000010000000000000
 465		  8496	Not Found	0.00000010000000000000
 466		  7163	Not Found	0.00000010000000000000
 467		  2502	Not Found	0.00000010000000000000
 468		   910	Not Found	0.00000020000000000000
 469		 10223	Not Found	0.00000020000000000000
 470		  9650	  5099	0.00000020000000000000
 471		  3656	  1911	0.00000010000000000000
 472		  4151	Not Found	0.00000020000000000000
 473		 10146	Not Found	0.00000010000000000000
 474		 10729	Not Found	0.00000020000000000000
 475		  9106	Not Found	0.00000010000000000000
 476		  6960	Not Found	0.00000020000000000000
 477		  5208	  2751	0.00000020000000000000
 478		  4355	  2287	0.00000010000000000000
 479		  2569	Not Found	0.00000010000000000000
 480		  7059	  3750	0.00000010000000000000
 481		  9522	  5042	0.00000010000000000000
 482		  7344	  3913	0.00000010000000000000
 483		  4658	  2453	0.00000010000000000000
 484		  7496	Not Found	0.00000020000000000000
 485		  8293	Not Found	0.00000020000000000000
 486		  4640	  2447	0.00000010000000000000
 487		  3277	  1731	0.00000010000000000000
 488		  5691	  3021	0.00000020000000000000
 489		 10719	Not Found	0.00000010000000000000
 490		  6997	  3721	0.00000010000000000000
 491		  6399	Not Found	0.00000010000000000000
 492		  8590	  4655	0.00000020000000000000
 493		  4205	Not Found	0.00000010000000000000
 494		  1372	Not Found	0.00000010000000000000
 495		  2805	  1491	0.00000020000000000000
 496		  5931	  3153	0.00000010000000000000
 497		  1532	Not Found	0.00000020000000000000
 498		  9662	Not Found	0.00000020000000000000
 499		  8005	Not Found	0.00000010000000000000
 500		  2716	  1452	0.00000010000000000000
 501		  3615	  1893	0.00000020000000000000
 502		  2833	Not Found	0.00000020000000000000
 503		 10039	Not Found	0.00000020000000000000
 504		 11934	Not Found	0.00000010000000000000
 505		  3953	Not Found	0.00000020000000000000
 506		 11668	  5858	0.00000020000000000000
 507		  2949	Not Found	0.00000020000000000000
 508		  8979	Not Found	0.00000020000000000000
 509		  3259	Not Found	0.00000010000000000000
 510		  2972	  1571	0.00000020000000000000
 511		  4799	Not Found	0.00000020000000000000
 512		  2167	Not Found	0.00000020000000000000
 513		  6680	Not Found	0.00000020000000000000
 514		  4168	Not Found	0.00000020000000000000
 515		 11729	Not Found	0.00000010000000000000
 516		  2038	Not Found	0.00000020000000000000
 517		   694	   361	0.00000020000000000000
 518		 10075	  5266	0.00000010000000000000
 519		  8297	Not Found	0.00000020000000000000
 520		  3228	  1705	0.00000010000000000000
 521		  3040	Not Found	0.00000010000000000000
 522		 10763	  5509	0.00000010000000000000
 523		  8660	  4689	0.00000010000000000000
 524		  6669	Not Found	0.00000010000000000000
 525		  4602	Not Found	0.00000020000000000000
 526		  7062	Not Found	0.00000010000000000000
 527		 11176	Not Found	0.00000010000000000000
 528		  5302	Not Found	0.00000010000000000000
 529		  5069	  2676	0.00000010000000000000
 530		  6933	Not Found	0.00000010000000000000
 531		  8519	  4620	0.00000010000000000000
 532		  2115	Not Found	0.00000010000000000000
 533		  8356	  4513	0.00000010000000000000
 534		 10035	  5249	0.00000000000000000000
 535		  7394	  3957	0.00000020000000000000
 536		  8179	Not Found	0.00000020000000000000
 537		  1014	Not Found	0.00000010000000000000
 538		  6015	  3198	0.00000020000000000000
 539		  3836	  2017	0.00000010000000000000
 540		  5000	Not Found	0.00000010000000000000
 541		  6213	Not Found	0.00000020000000000000
 542		  3999	  2097	0.00000010000000000000
 543		 11217	  5679	0.00000010000000000000
 544		 11364	Not Found	0.00000020000000000000
 545		  8069	Not Found	0.00000010000000000000
 546		  4360	  2288	0.00000020000000000000
 547		   663	   337	0.00000020000000000000
 548		 11409	Not Found	0.00000020000000000000
 549		  3681	  1919	0.00000020000000000000
 550		 11916	Not Found	0.00000020000000000000
 551		  6532	Not Found	0.00000010000000000000
 552		  1823	Not Found	0.00000020000000000000
 553		  7611	Not Found	0.00000010000000000000
 554		  9044	  4853	0.00000010000000000000
 555		  8816	Not Found	0.00000010000000000000
 556		  9523	Not Found	0.00000010000000000000
 557		 10066	  5263	0.00000010000000000000
 558		   302	   150	0.00000010000000000000
 559		 11260	Not Found	0.00000010000000000000
 560		  6749	  3605	0.00000010000000000000
 561		  8425	Not Found	0.00000010000000000000
 562		   904	Not Found	0.00000010000000000000
 563		  7379	Not Found	0.00000010000000000000
 564		 11595	Not Found	0.00000010000000000000
 565		  2566	Not Found	0.00000010000000000000
 566		  4478	  2347	0.00000010000000000000
 567		 10864	Not Found	0.00000020000000000000
 568		  7805	Not Found	0.00000020000000000000
 569		  8600	  4662	0.00000010000000000000
 570		   912	Not Found	0.00000010000000000000
 571		  1760	Not Found	0.00000020000000000000
 572		  2777	Not Found	0.00000020000000000000
 573		  7773	Not Found	0.00000020000000000000
 574		  6359	  3391	0.00000010000000000000
 575		   489	Not Found	0.00000020000000000000
 576		 11776	  5894	0.00000010000000000000
 577		  5570	Not Found	0.00000010000000000000
 578		  4473	  2345	0.00000010000000000000
 579		  9836	Not Found	0.00000020000000000000
 580		  5280	  2795	0.00000010000000000000
 581		  9356	  4984	0.00000020000000000000
 582		  1435	   762	0.00000020000000000000
 583		  8359	Not Found	0.00000020000000000000
 584		  3467	  1811	0.00000020000000000000
 585		  5879	Not Found	0.00000030000000000000
 586		  2455	  1307	0.00000020000000000000
 587		   285	   143	0.00000010000000000000
 588		  1704	   928	0.00000020000000000000
 589		  3133	  1669	0.00000010000000000000
 590		  8911	  4812	0.00000010000000000000
 591		  2106	  1124	0.00000000000000000000
 592		  2857	  1512	0.00000010000000000000
 593		  6041	  3216	0.00000010000000000000
 594		  4448	  2328	0.00000020000000000000
 595		 10162	Not Found	0.00000020000000000000
 596		  6013	Not Found	0.00000010000000000000
 597		  3405	  1784	0.00000010000000000000
 598		  1946	  1038	0.00000010000000000000
 599		  7593	  4085	0.00000010000000000000
 600		  5414	Not Found	0.00000020000000000000
 601		  9569	  5063	0.00000010000000000000
 602		  8911	  4812	0.00000010000000000000
 603		    25	    14	0.00000020000000000000
 604		  2893	  1533	0.00000010000000000000
 605		    76	Not Found	0.00000010000000000000
 606		  9994	  5232	0.00000020000000000000
 607		  7279	Not Found	0.00000020000000000000
 608		  8212	Not Found	0.00000020000000000000
 609		  4951	  2608	0.00000010000000000000
 610		  4162	Not Found	0.00000010000000000000
 611		  7862	  4223	0.00000020000000000000
 612		 11693	Not Found	0.00000020000000000000
 613		  9632	  5088	0.00000020000000000000
 614		  1391	Not Found	0.00000020000000000000
 615		 11385	  5737	0.00000010000000000000
 616		  7370	  3935	0.00000020000000000000
 617		  2877	Not Found	0.00000010000000000000
 618		   253	Not Found	0.00000020000000000000
 619		 11491	Not Found	0.00000010000000000000
 620		  8597	  4661	0.00000020000000000000
 621		  5379	  2850	0.00000010000000000000
 622		  4958	  2613	0.00000010000000000000
 623		  6921	Not Found	0.00000010000000000000
 624		  1888	Not Found	0.00000020000000000000
 625		  6245	Not Found	0.00000020000000000000
 626		  3077	Not Found	0.00000010000000000000
 627		  2058	  1091	0.00000010000000000000
 628		  9823	Not Found	0.00000010000000000000
 629		 11232	Not Found	0.00000020000000000000
 630		  4016	  2104	0.00000020000000000000
 631		   118	    63	0.00000010000000000000
 632		  8053	Not Found	0.00000010000000000000
 633		   663	   337	0.00000010000000000000
 634		  8741	  4735	0.00000010000000000000
 635		  4173	Not Found	0.00000020000000000000
 636		  4300	  2255	0.00000020000000000000
 637		 11066	Not Found	0.00000020000000000000
 638		  3873	Not Found	0.00000010000000000000
 639		   873	Not Found	0.00000010000000000000
 640		  5929	Not Found	0.00000020000000000000
 641		  8332	  4500	0.00000020000000000000
 642		  2028	Not Found	0.00000010000000000000
 643		  6207	Not Found	0.00000020000000000000
 644		  9983	Not Found	0.00000010000000000000
 645		  3621	Not Found	0.00000020000000000000
 646		 10641	Not Found	0.00000010000000000000
 647		  4610	Not Found	0.00000010000000000000
 648		  9955	  5216	0.00000010000000000000
 649		 11061	  5608	0.00000010000000000000
 650		  8333	  4501	0.00000020000000000000
 651		  3401	Not Found	0.00000020000000000000
 652		  3648	  1906	0.00000010000000000000
 653		  4043	Not Found	0.00000010000000000000
 654		  9542	  5048	0.00000020000000000000
 655		  6609	  3521	0.00000020000000000000
 656		 11628	  5838	0.00000010000000000000
 657		  8181	  4407	0.00000010000000000000
 658		  2942	Not Found	0.00000010000000000000
 659		  3269	  1727	0.00000010000000000000
 660		  7546	  4057	0.00000010000000000000
 661		  8681	Not Found	0.00000010000000000000
 662		  2215	  1186	0.00000020000000000000
 663		 11902	  5946	0.00000010000000000000
 664		  1522	Not Found	0.00000010000000000000
 665		  1283	   678	0.00000010000000000000
 666		   698	Not Found	0.00000020000000000000
 667		  8134	Not Found	0.00000020000000000000
 668		  5246	Not Found	0.00000010000000000000
 669		  7119	Not Found	0.00000010000000000000
 670		  5219	Not Found	0.00000020000000000000
 671		  4257	Not Found	0.00000010000000000000
 672		   934	Not Found	0.00000010000000000000
 673		  5417	Not Found	0.00000010000000000000
 674		  8543	Not Found	0.00000010000000000000
 675		  3342	Not Found	0.00000010000000000000
 676		  1854	   982	0.00000010000000000000
 677		  8707	  4722	0.00000010000000000000
 678		  9224	Not Found	0.00000010000000000000
 679		  1194	Not Found	0.00000010000000000000
 680		  4862	Not Found	0.00000020000000000000
 681		  6471	  3441	0.00000010000000000000
 682		  8464	Not Found	0.00000010000000000000
 683		   599	   303	0.00000010000000000000
 684		   210	   103	0.00000010000000000000
 685		  1406	   743	0.00000010000000000000
 686		  5549	Not Found	0.00000020000000000000
 687		  6235	Not Found	0.00000020000000000000
 688		 10771	Not Found	0.00000020000000000000
 689		  6417	  3414	0.00000010000000000000
 690		  3604	Not Found	0.00000010000000000000
 691		  1611	   873	0.00000010000000000000
 692		  3767	  1969	0.00000020000000000000
 693		  3118	  1662	0.00000010000000000000
 694		   169	Not Found	0.00000020000000000000
 695		   105	    56	0.00000010000000000000
 696		  2532	Not Found	0.00000020000000000000
 697		  4108	  2154	0.00000020000000000000
 698		  7093	  3765	0.00000010000000000000
 699		  4843	Not Found	0.00000010000000000000
 700		  5579	Not Found	0.00000010000000000000
 701		  8882	  4794	0.00000020000000000000
 702		  5049	  2666	0.00000010000000000000
 703		  1343	   707	0.00000010000000000000
 704		  4914	  2587	0.00000010000000000000
 705		  2102	  1121	0.00000020000000000000
 706		  3586	Not Found	0.00000010000000000000
 707		  4588	  2411	0.00000010000000000000
 708		   306	Not Found	0.00000010000000000000
 709		  1474	Not Found	0.00000010000000000000
 710		  1277	Not Found	0.00000020000000000000
 711		  1530	Not Found	0.00000010000000000000
 712		  1411	   746	0.00000010000000000000
 713		  3035	Not Found	0.00000010000000000000
 714		  2125	Not Found	0.00000010000000000000
 715		  9141	  4893	0.00000010000000000000
 716		  8628	Not Found	0.00000020000000000000
 717		  9252	Not Found	0.00000010000000000000
 718		 10587	  5450	0.00000020000000000000
 719		  1326	Not Found	0.00000010000000000000
 720		  7999	  4294	0.00000010000000000000
 721		  7104	  3775	0.00000020000000000000
 722		  4494	  2354	0.00000010000000000000
 723		  2370	Not Found	0.00000020000000000000
 724		  1436	   763	0.00000010000000000000
 725		  5880	Not Found	0.00000010000000000000
 726		  8987	Not Found	0.00000010000000000000
 727		  6047	  3219	0.00000010000000000000
 728		  9781	Not Found	0.00000010000000000000
 729		  2780	Not Found	0.00000010000000000000
 730		  6270	  3335	0.00000010000000000000
 731		   549	Not Found	0.00000020000000000000
 732		  6747	  3604	0.00000020000000000000
 733		 10509	Not Found	0.00000020000000000000
 734		  1866	Not Found	0.00000020000000000000
 735		  5737	Not Found	0.00000020000000000000
 736		  6007	  3194	0.00000010000000000000
 737		 10330	Not Found	0.00000010000000000000
 738		  8445	Not Found	0.00000020000000000000
 739		 11040	Not Found	0.00000010000000000000
 740		  1475	Not Found	0.00000020000000000000
 741		  9545	  5050	0.00000020000000000000
 742		 10424	Not Found	0.00000020000000000000
 743		  9401	  4993	0.00000010000000000000
 744		  8442	  4573	0.00000010000000000000
 745		  5497	Not Found	0.00000020000000000000
 746		  2669	Not Found	0.00000020000000000000
 747		 11468	Not Found	0.00000010000000000000
 748		  3916	  2052	0.00000010000000000000
 749		 10565	Not Found	0.00000010000000000000
 750		  6361	Not Found	0.00000010000000000000
 751		  6034	  3209	0.00000010000000000000
 752		   439	Not Found	0.00000020000000000000
 753		  6283	Not Found	0.00000020000000000000
 754		  3989	  2090	0.00000010000000000000
 755		  2452	Not Found	0.00000020000000000000
 756		  5107	  2693	0.00000020000000000000
 757		  7342	  3911	0.00000010000000000000
 758		  1575	   853	0.00000010000000000000
 759		  7977	  4279	0.00000020000000000000
 760		  3948	Not Found	0.00000020000000000000
 761		  8986	Not Found	0.00000010000000000000
 762		  8287	  4469	0.00000010000000000000
 763		  6042	  3217	0.00000010000000000000
 764		   726	Not Found	0.00000010000000000000
 765		  1350	Not Found	0.00000020000000000000
 766		  6271	  3338	0.00000010000000000000
 767		 10441	Not Found	0.00000010000000000000
 768		  7100	  3770	0.00000010000000000000
 769		  4702	Not Found	0.00000010000000000000
 770		  8281	  4466	0.00000010000000000000
 771		  6642	Not Found	0.00000010000000000000
 772		   793	   413	0.00000010000000000000
 773		  7745	  4155	0.00000010000000000000
 774		  1312	   692	0.00000010000000000000
 775		 10288	Not Found	0.00000020000000000000
 776		   171	Not Found	0.00000020000000000000
 777		 10792	  5516	0.00000010000000000000
 778		  2552	Not Found	0.00000020000000000000
 779		  4258	Not Found	0.00000010000000000000
 780		  2852	  1511	0.00000020000000000000
 781		  3369	Not Found	0.00000010000000000000
 782		  9295	Not Found	0.00000020000000000000
 783		  9744	Not Found	0.00000010000000000000
 784		 11971	Not Found	0.00000010000000000000
 785		  8346	  4508	0.00000010000000000000
 786		  3568	Not Found	0.00000010000000000000
 787		  3305	Not Found	0.00000010000000000000
 788		  9858	Not Found	0.00000010000000000000
 789		  5082	  2685	0.00000010000000000000
 790		  6325	Not Found	0.00000010000000000000
 791		  7374	  3939	0.00000020000000000000
 792		  5393	  2857	0.00000010000000000000
 793		  9069	Not Found	0.00000010000000000000
 794		  7837	  4205	0.00000010000000000000
 795		  2965	Not Found	0.00000010000000000000
 796		   932	Not Found	0.00000010000000000000
 797		  9798	  5155	0.00000010000000000000
 798		  6815	Not Found	0.00000010000000000000
 799		 10918	  5553	0.00000010000000000000
 800		  2761	  1473	0.00000010000000000000
 801		  4170	  2184	0.00000010000000000000
 802		  5662	Not Found	0.00000020000000000000
 803		  1578	   857	0.00000010000000000000
 804		  4060	Not Found	0.00000010000000000000
 805		  9938	  5208	0.00000010000000000000
 806		 11613	  5830	0.00000010000000000000
 807		 10598	Not Found	0.00000010000000000000
 808		  7102	  3772	0.00000010000000000000
 809		  6673	  3563	0.00000010000000000000
 810		  1941	Not Found	0.00000010000000000000
 811		  3042	Not Found	0.00000010000000000000
 812		  2115	Not Found	0.00000010000000000000
 813		  8119	Not Found	0.00000010000000000000
 814		  9604	  5080	0.00000010000000000000
 815		  5230	  2762	0.00000020000000000000
 816		  4619	Not Found	0.00000020000000000000
 817		 10805	Not Found	0.00000010000000000000
 818		  6888	  3672	0.00000020000000000000
 819		 10919	Not Found	0.00000020000000000000
 820		  2675	Not Found	0.00000010000000000000
 821		  2946	Not Found	0.00000010000000000000
 822		 10189	Not Found	0.00000010000000000000
 823		  6807	Not Found	0.00000010000000000000
 824		 10925	Not Found	0.00000010000000000000
 825		  9726	Not Found	0.00000020000000000000
 826		  5027	  2652	0.00000010000000000000
 827		  7963	  4274	0.00000020000000000000
 828		  9005	Not Found	0.00000020000000000000
 829		 11445	  5766	0.00000010000000000000
 830		  1843	Not Found	0.00000010000000000000
 831		 11561	  5812	0.00000010000000000000
 832		  5542	  2932	0.00000010000000000000
 833		    38	    20	0.00000010000000000000
 834		  8563	  4642	0.00000010000000000000
 835		   881	   464	0.00000020000000000000
 836		  1140	   608	0.00000010000000000000
 837		  4420	  2315	0.00000010000000000000
 838		  4792	  2538	0.00000010000000000000
 839		  4899	Not Found	0.00000010000000000000
 840		  6651	Not Found	0.00000020000000000000
 841		 10012	Not Found	0.00000020000000000000
 842		   876	Not Found	0.00000020000000000000
 843		  3889	  2043	0.00000010000000000000
 844		   912	Not Found	0.00000020000000000000
 845		  9080	  4867	0.00000010000000000000
 846		 10529	Not Found	0.00000010000000000000
 847		  8503	  4610	0.00000020000000000000
 848		  3159	Not Found	0.00000020000000000000
 849		  4292	Not Found	0.00000010000000000000
 850		  5477	Not Found	0.00000020000000000000
 851		  8600	  4662	0.00000010000000000000
 852		  5837	Not Found	0.00000020000000000000
 853		 11983	Not Found	0.00000010000000000000
 854		  1142	Not Found	0.00000010000000000000
 855		  1611	   873	0.00000010000000000000
 856		  4870	Not Found	0.00000010000000000000
 857		 10773	Not Found	0.00000010000000000000
 858		 11831	Not Found	0.00000020000000000000
 859		  2998	Not Found	0.00000010000000000000
 860		  3258	  1721	0.00000010000000000000
 861		   154	Not Found	0.00000020000000000000
 862		 11491	Not Found	0.00000020000000000000
 863		  4921	Not Found	0.00000010000000000000
 864		  7675	  4126	0.00000010000000000000
 865		  6265	Not Found	0.00000020000000000000
 866		  6369	Not Found	0.00000020000000000000
 867		 10894	Not Found	0.00000010000000000000
 868		 10730	Not Found	0.00000010000000000000
 869		  3294	Not Found	0.00000010000000000000
 870		  5337	Not Found	0.00000020000000000000
 871		  2223	Not Found	0.00000010000000000000
 872		  2986	  1577	0.00000010000000000000
 873		  3569	  1869	0.00000020000000000000
 874		  8039	Not Found	0.00000020000000000000
 875		 10649	Not Found	0.00000010000000000000
 876		  5589	Not Found	0.00000010000000000000
 877		  9716	Not Found	0.00000020000000000000
 878		  4333	  2271	0.00000010000000000000
 879		   656	Not Found	0.00000010000000000000
 880		  8815	Not Found	0.00000010000000000000
 881		  8558	Not Found	0.00000010000000000000
 882		  1806	   966	0.00000020000000000000
 883		 11427	Not Found	0.00000010000000000000
 884		  1688	Not Found	0.00000020000000000000
 885		  1514	Not Found	0.00000010000000000000
 886		 10648	Not Found	0.00000010000000000000
 887		  2514	Not Found	0.00000020000000000000
 888		  5701	  3027	0.00000010000000000000
 889		  5145	  2717	0.00000010000000000000
 890		  9633	Not Found	0.00000010000000000000
 891		   877	   461	0.00000020000000000000
 892		   529	Not Found	0.00000020000000000000
 893		  3295	  1739	0.00000020000000000000
 894		   150	Not Found	0.00000010000000000000
 895		  1246	Not Found	0.00000010000000000000
 896		  7376	  3941	0.00000010000000000000
 897		  9165	Not Found	0.00000020000000000000
 898		  3567	Not Found	0.00000010000000000000
 899		   969	Not Found	0.00000020000000000000
 900		  5124	  2702	0.00000020000000000000
 901		  5098	Not Found	0.00000010000000000000
 902		   455	   224	0.00000020000000000000
 903		  2995	  1584	0.00000010000000000000
 904		  7188	  3824	0.00000010000000000000
 905		 11223	Not Found	0.00000020000000000000
 906		  4747	Not Found	0.00000010000000000000
 907		  6785	  3622	0.00000010000000000000
 908		  9785	Not Found	0.00000020000000000000
 909		 10995	Not Found	0.00000010000000000000
 910		 11537	Not Found	0.00000020000000000000
 911		   323	Not Found	0.00000020000000000000
 912		  4795	Not Found	0.00000010000000000000
 913		  6941	Not Found	0.00000020000000000000
 914		 10219	Not Found	0.00000020000000000000
 915		  5329	Not Found	0.00000010000000000000
 916		   476	Not Found	0.00000010000000000000
 917		  7128	Not Found	0.00000010000000000000
 918		  4732	  2505	0.00000010000000000000
 919		  8404	Not Found	0.00000010000000000000
 920		  1874	   993	0.00000010000000000000
 921		  6132	Not Found	0.00000010000000000000
 922		  9226	Not Found	0.00000010000000000000
 923		  4648	Not Found	0.00000010000000000000
 924		   795	Not Found	0.00000020000000000000
 925		 10666	  5477	0.00000020000000000000
 926		  2004	Not Found	0.00000020000000000000
 927		  7712	Not Found	0.00000020000000000000
 928		  3309	Not Found	0.00000020000000000000
 929		  6632	Not Found	0.00000020000000000000
 930		   358	   179	0.00000020000000000000
 931		  4075	Not Found	0.00000020000000000000
 932		  6220	  3297	0.00000010000000000000
 933		 11406	  5750	0.00000010000000000000
 934		  1451	Not Found	0.00000010000000000000
 935		 10102	Not Found	0.00000010000000000000
 936		  5855	  3103	0.00000020000000000000
 937		  8440	Not Found	0.00000010000000000000
 938		  4035	  2116	0.00000010000000000000
 939		  5234	Not Found	0.00000010000000000000
 940		  5508	Not Found	0.00000010000000000000
 941		  2621	  1399	0.00000010000000000000
 942		 11221	Not Found	0.00000020000000000000
 943		  8759	Not Found	0.00000010000000000000
 944		 10755	Not Found	0.00000010000000000000
 945		 10967	Not Found	0.00000020000000000000
 946		  8934	Not Found	0.00000010000000000000
 947		  4777	Not Found	0.00000020000000000000
 948		 11745	Not Found	0.00000020000000000000
 949		  2852	  1511	0.00000010000000000000
 950		  4906	Not Found	0.00000010000000000000
 951		  8634	  4681	0.00000010000000000000
 952		  8598	Not Found	0.00000010000000000000
 953		  1676	Not Found	0.00000010000000000000
 954		  6042	  3217	0.00000010000000000000
 955		  3440	Not Found	0.00000010000000000000
 956		  3329	Not Found	0.00000010000000000000
 957		  3108	Not Found	0.00000020000000000000
 958		  7495	  4024	0.00000010000000000000
 959		  4424	  2320	0.00000010000000000000
 960		   122	    66	0.00000010000000000000
 961		  3987	Not Found	0.00000010000000000000
 962		    46	    24	0.00000010000000000000
 963		  4187	  2194	0.00000010000000000000
 964		  2440	Not Found	0.00000020000000000000
 965		  3763	  1967	0.00000010000000000000
 966		  3117	Not Found	0.00000020000000000000
 967		  2592	  1376	0.00000020000000000000
 968		  4500	Not Found	0.00000010000000000000
 969		  8570	Not Found	0.00000020000000000000
 970		  7732	Not Found	0.00000010000000000000
 971		  4083	Not Found	0.00000010000000000000
 972		  4830	Not Found	0.00000010000000000000
 973		  4569	Not Found	0.00000010000000000000
 974		  1952	  1042	0.00000010000000000000
 975		  3381	Not Found	0.00000010000000000000
 976		  2031	  1074	0.00000010000000000000
 977		  5445	Not Found	0.00000010000000000000
 978		  2340	Not Found	0.00000020000000000000
 979		  8019	Not Found	0.00000020000000000000
 980		  5103	Not Found	0.00000010000000000000
 981		  4980	  2624	0.00000010000000000000
 982		     9	     5	0.00000010000000000000
 983		  4715	  2497	0.00000010000000000000
 984		 11991	  5994	0.00000010000000000000
 985		  6538	  3476	0.00000020000000000000
 986		   920	   490	0.00000010000000000000
 987		  5228	Not Found	0.00000010000000000000
 988		   233	Not Found	0.00000010000000000000
 989		  6965	Not Found	0.00000020000000000000
 990		  8085	  4341	0.00000010000000000000
 991		  7645	  4114	0.00000020000000000000
 992		  2911	Not Found	0.00000010000000000000
 993		  9366	Not Found	0.00000020000000000000
 994		  8110	Not Found	0.00000010000000000000
 995		  7361	  3922	0.00000020000000000000
 996		 10114	Not Found	0.00000010000000000000
 997		  3681	  1919	0.00000010000000000000
 998		  4499	Not Found	0.00000010000000000000
 999		  1210	   649	0.00000010000000000000
1000		  5852	  3100	0.00000020000000000000
