BINARY SEARCH ANALYSIS
Array Size = 13000
-------------------------------------------
Iteration	Key	Index	Time (sec)
-------------------------------------------
   1		  4785	Not Found	0.00000060000000000000
   2		  7475	Not Found	0.00000030000000000000
   3		 21642	 11282	0.00000050000000000000
   4		 24732	 12484	0.00000030000000000000
   5		 16915	Not Found	0.00000060000000000000
   6		  4934	Not Found	0.00000020000000000000
   7		 16005	  9009	0.00000020000000000000
   8		  6065	  4864	0.00000040000000000000
   9		   786	Not Found	0.00000060000000000000
  10		  1375	Not Found	0.00000020000000000000
  11		  9510	  6468	0.00000020000000000000
  12		 18394	Not Found	0.00000020000000000000
  13		  2071	  1652	0.00000020000000000000
  14		  3253	  2586	0.00000020000000000000
  15		  3993	Not Found	0.00000010000000000000
  16		  3297	Not Found	0.00000010000000000000
  17		  9299	Not Found	0.00000020000000000000
  18		   787	Not Found	0.00000010000000000000
  19		  4670	Not Found	0.00000010000000000000
  20		 25718	 12881	0.00000020000000000000
  21		 10404	  6828	0.00000020000000000000
  22		  3643	Not Found	0.00000030000000000000
  23		 12973	  7788	0.00000030000000000000
  24		  7859	Not Found	0.00000010000000000000
  25		   909	   753	0.00000010000000000000
  26		 12653	Not Found	0.00000020000000000000
  27		 19704	Not Found	0.00000020000000000000
  28		  7043	  5550	0.00000020000000000000
  29		 23121	 11863	0.00000040000000000000
  30		 13512	  8011	0.00000020000000000000
  31		 24112	Not Found	0.00000010000000000000
  32		  6575	  5255	0.00000020000000000000
  33		 11568	  7282	0.00000020000000000000
  34		  4000	  3181	0.00000020000000000000
  35		 22570	Not Found	0.00000020000000000000
  36		 11514	  7262	0.00000010000000000000
  37		   949	Not Found	0.00000020000000000000
  38		 10337	Not Found	0.00000020000000000000
  39		 25218	Not Found	0.00000030000000000000
  40		  4974	  3929	0.00000020000000000000
  41		 20911	Not Found	0.00000020000000000000
  42		  5907	Not Found	0.00000020000000000000
  43		 11489	  7252	0.00000020000000000000
  44		 17973	Not Found	0.00000010000000000000
  45		  1007	   835	0.00000030000000000000
  46		  8143	  5965	0.00000020000000000000
  47		 13948	Not Found	0.00000030000000000000
  48		 14141	Not Found	0.00000010000000000000
  49		  7057	  5552	0.00000010000000000000
  50		 23552	Not Found	0.00000020000000000000
  51		 11997	  7441	0.00000020000000000000
  52		  9334	  6406	0.00000020000000000000
  53		 14607	  8443	0.00000010000000000000
  54		  6989	  5529	0.00000020000000000000
  55		 21478	Not Found	0.00000020000000000000
  56		  3533	  2800	0.00000020000000000000
  57		  2658	  2121	0.00000030000000000000
  58		 10534	Not Found	0.00000010000000000000
  59		  2947	Not Found	0.00000010000000000000
  60		 18270	Not Found	0.00000010000000000000
  61		 24634	 12443	0.00000020000000000000
  62		  4253	Not Found	0.00000020000000000000
  63		 25599	Not Found	0.00000020000000000000
  64		  5717	Not Found	0.00000020000000000000
  65		  6512	Not Found	0.00000010000000000000
  66		 21112	Not Found	0.00000010000000000000
  67		 18986	 10210	0.00000020000000000000
  68		 13174	Not Found	0.00000010000000000000
  69		 21082	Not Found	0.00000020000000000000
  70		 16772	Not Found	0.00000010000000000000
  71		 15353	Not Found	0.00000010000000000000
  72		 12911	Not Found	0.00000010000000000000
  73		  9343	Not Found	0.00000010000000000000
  74		  5020	Not Found	0.00000020000000000000
  75		 14590	Not Found	0.00000010000000000000
  76		 17578	Not Found	0.00000020000000000000
  77		  3227	Not Found	0.00000010000000000000
  78		  8777	Not Found	0.00000020000000000000
  79		 10618	Not Found	0.00000020000000000000
  80		 18679	 10085	0.00000030000000000000
  81		  6213	  4976	0.00000010000000000000
  82		  5292	  4190	0.00000020000000000000
  83		  6432	  5165	0.00000020000000000000
  84		  4297	Not Found	0.00000010000000000000
  85		  1216	   994	0.00000010000000000000
  86		 20539	Not Found	0.00000010000000000000
  87		  3868	Not Found	0.00000010000000000000
  88		   671	Not Found	0.00000020000000000000
  89		  2351	  1881	0.00000020000000000000
  90		  1880	Not Found	0.00000020000000000000
  91		 10068	  6694	0.00000010000000000000
  92		 23046	Not Found	0.00000020000000000000
  93		 23036	Not Found	0.00000010000000000000
  94		  6184	Not Found	0.00000020000000000000
  95		 20718	Not Found	0.00000030000000000000
  96		  1134	Not Found	0.00000020000000000000
  97		   986	Not Found	0.00000020000000000000
  98		 12594	  7637	0.00000010000000000000
  99		 22034	 11449	0.00000010000000000000
 100		  4474	  3541	0.00000010000000000000
 101		 17689	Not Found	0.00000010000000000000
 102		  3302	  2615	0.00000010000000000000
 103		  4337	  3445	0.00000010000000000000
 104		 10284	  6788	0.00000010000000000000
 105		  5978	Not Found	0.00000020000000000000
 106		  3681	  2923	0.00000010000000000000
 107		  3190	  2545	0.00000010000000000000
 108		  1040	   855	0.00000020000000000000
 109		 25893	Not Found	0.00000010000000000000
 110		 11726	  7326	0.00000020000000000000
 111		 15259	Not Found	0.00000010000000000000
 112		 20103	Not Found	0.00000010000000000000
 113		 17847	  9748	0.00000020000000000000
 114		 24958	 12562	0.00000020000000000000
 115		  5776	  4613	0.00000010000000000000
 116		  4935	  3895	0.00000010000000000000
 117		 15743	  8894	0.00000010000000000000
 118		  7484	Not Found	0.00000010000000000000
 119		 25688	Not Found	0.00000010000000000000
 120		 19905	Not Found	0.00000010000000000000
 121		 16443	Not Found	0.00000020000000000000
 122		 23514	Not Found	0.00000010000000000000
 123		  3252	Not Found	0.00000020000000000000
 124		  1620	  1314	0.00000010000000000000
 125		  7775	Not Found	0.00000020000000000000
 126		   384	   334	0.00000020000000000000
 127		  3188	  2544	0.00000010000000000000
 128		 20928	Not Found	0.00000040000000000000
 129		 25014	 12584	0.00000020000000000000
 130		 20871	Not Found	0.00000020000000000000
 131		 23403	Not Found	0.00000030000000000000
 132		 18541	 10015	0.00000020000000000000
 133		 23883	Not Found	0.00000020000000000000
 134		 22320	 11557	0.00000020000000000000
 135		  7026	Not Found	0.00000020000000000000
 136		   252	   230	0.00000020000000000000
 137		  3834	  3048	0.00000020000000000000
 138		  6106	  4893	0.00000020000000000000
 139		 13440	  7983	0.00000020000000000000
 140		 16255	Not Found	0.00000020000000000000
 141		 23971	Not Found	0.00000010000000000000
 142		 24580	 12426	0.00000010000000000000
 143		 13288	Not Found	0.00000020000000000000
 144		  4821	Not Found	0.00000010000000000000
 145		 25391	Not Found	0.00000010000000000000
 146		  3679	  2922	0.00000020000000000000
 147		  8371	Not Found	0.00000020000000000000
 148		  4104	  3262	0.00000020000000000000
 149		   902	Not Found	0.00000020000000000000
 150		  4344	Not Found	0.00000020000000000000
 151		 18337	Not Found	0.00000020000000000000
 152		   619	   509	0.00000010000000000000
 153		 14512	Not Found	0.00000020000000000000
 154		  6437	Not Found	0.00000020000000000000
 155		  2154	  1723	0.00000010000000000000
 156		  5070	Not Found	0.00000010000000000000
 157		 22570	Not Found	0.00000020000000000000
 158		  7422	  5692	0.00000010000000000000
 159		  2121	  1689	0.00000010000000000000
 160		 16580	Not Found	0.00000010000000000000
 161		  2972	Not Found	0.00000020000000000000
 162		 14238	  8296	0.00000010000000000000
 163		  2091	Not Found	0.00000010000000000000
 164		 15799	  8919	0.00000010000000000000
 165		  2744	Not Found	0.00000010000000000000
 166		  2937	Not Found	0.00000010000000000000
 167		  2437	  1958	0.00000020000000000000
 168		   890	   738	0.00000010000000000000
 169		  6742	Not Found	0.00000020000000000000
 170		  6848	  5464	0.00000010000000000000
 171		  4340	Not Found	0.00000020000000000000
 172		 13486	  7997	0.00000010000000000000
 173		 12398	Not Found	0.00000010000000000000
 174		 23187	 11880	0.00000010000000000000
 175		 19816	Not Found	0.00000010000000000000
 176		  1225	  1002	0.00000020000000000000
 177		 17397	Not Found	0.00000030000000000000
 178		 22455	Not Found	0.00000010000000000000
 179		 25876	Not Found	0.00000020000000000000
 180		  2101	  1670	0.00000010000000000000
 181		 24907	Not Found	0.00000020000000000000
 182		 15896	Not Found	0.00000010000000000000
 183		  8447	Not Found	0.00000020000000000000
 184		  2181	  1744	0.00000020000000000000
 185		 16484	Not Found	0.00000020000000000000
 186		  3056	  2433	0.00000010000000000000
 187		 21582	 11263	0.00000010000000000000
 188		 25309	Not Found	0.00000010000000000000
 189		  1575	  1290	0.00000010000000000000
 190		 23961	Not Found	0.00000010000000000000
 191		 18630	 10068	0.00000010000000000000
 192		 21090	Not Found	0.00000020000000000000
 193		 13587	Not Found	0.00000010000000000000
 194		 11168	Not Found	0.00000020000000000000
 195		 21645	 11285	0.00000010000000000000
 196		 15040	Not Found	0.00000020000000000000
 197		  4392	  3487	0.00000020000000000000
 198		 12058	  7460	0.00000010000000000000
 199		  6048	  4842	0.00000010000000000000
 200		 14555	Not Found	0.00000010000000000000
 201		  5493	  4354	0.00000020000000000000
 202		 24635	Not Found	0.00000020000000000000
 203		 19434	 10370	0.00000010000000000000
 204		  7063	Not Found	0.00000020000000000000
 205		  1614	  1309	0.00000020000000000000
 206		 17188	Not Found	0.00000050000000000000
 207		 14116	Not Found	0.00000010000000000000
 208		 14156	Not Found	0.00000020000000000000
 209		 20304	Not Found	0.00000020000000000000
 210		  4461	Not Found	0.00000010000000000000
 211		 17720	Not Found	0.00000010000000000000
 212		  3444	  2720	0.00000010000000000000
 213		 21480	Not Found	0.00000010000000000000
 214		 15172	Not Found	0.00000020000000000000
 215		 19578	Not Found	0.00000010000000000000
 216		  7335	Not Found	0.00000020000000000000
 217		 21408	 11199	0.00000010000000000000
 218		 24420	Not Found	0.00000020000000000000
 219		  3817	Not Found	0.00000010000000000000
 220		  1850	  1479	0.00000010000000000000
 221		  5516	  4375	0.00000010000000000000
 222		 20618	 10832	0.00000020000000000000
 223		 23682	Not Found	0.00000010000000000000
 224		 11139	Not Found	0.00000020000000000000
 225		 24245	 12276	0.00000010000000000000
 226		 14772	Not Found	0.00000010000000000000
 227		  2918	  2349	0.00000020000000000000
 228		  1887	  1515	0.00000010000000000000
 229		  2147	Not Found	0.00000020000000000000
 230		  1147	   931	0.00000010000000000000
 231		  3197	Not Found	0.00000010000000000000
 232		 25752	Not Found	0.00000020000000000000
 233		  7392	Not Found	0.00000020000000000000
 234		  4066	Not Found	0.00000020000000000000
 235		 24043	 12197	0.00000040000000000000
 236		 10913	  7022	0.00000010000000000000
 237		 23562	Not Found	0.00000010000000000000
 238		 17247	Not Found	0.00000010000000000000
 239		  5154	Not Found	0.00000010000000000000
 240		 24900	Not Found	0.00000020000000000000
 241		   138	   115	0.00000020000000000000
 242		  6745	Not Found	0.00000020000000000000
 243		 22185	 11508	0.00000020000000000000
 244		 20095	Not Found	0.00000010000000000000
 245		 17075	  9444	0.00000020000000000000
 246		  8995	Not Found	0.00000130000000000000
 247		  6683	  5359	0.00000020000000000000
 248		 15881	  8957	0.00000020000000000000
 249		   684	   561	0.00000010000000000000
 250		   681	   557	0.00000010000000000000
 251		 15218	Not Found	0.00000010000000000000
 252		 16267	Not Found	0.00000010000000000000
 253		 24018	Not Found	0.00000010000000000000
 254		  8568	Not Found	0.00000020000000000000
 255		 24709	 12467	0.00000020000000000000
 256		  5389	Not Found	0.00000020000000000000
 257		 13144	Not Found	0.00000020000000000000
 258		 12803	Not Found	0.00000020000000000000
 259		 16848	  9338	0.00000020000000000000
 260		    30	    11	0.00000010000000000000
 261		 23600	Not Found	0.00000020000000000000
 262		  6387	Not Found	0.00000010000000000000
 263		 16756	  9290	0.00000010000000000000
 264		  2201	  1770	0.00000010000000000000
 265		  6703	  5372	0.00000010000000000000
 266		 11150	Not Found	0.00000020000000000000
 267		  3566	  2827	0.00000010000000000000
 268		  5796	Not Found	0.00000020000000000000
 269		   620	   512	0.00000020000000000000
 270		  2283	  1840	0.00000010000000000000
 271		  5596	Not Found	0.00000020000000000000
 272		 23963	 12165	0.00000010000000000000
 273		   345	   304	0.00000020000000000000
 274		 25765	Not Found	0.00000010000000000000
 275		 25326	Not Found	0.00000020000000000000
 276		  3772	Not Found	0.00000020000000000000
 277		   885	Not Found	0.00000010000000000000
 278		  5214	Not Found	0.00000020000000000000
 279		 19945	Not Found	0.00000010000000000000
 280		  9764	  6579	0.00000020000000000000
 281		  3136	Not Found	0.00000020000000000000
 282		 10470	Not Found	0.00000010000000000000
 283		 12225	Not Found	0.00000020000000000000
 284		   506	Not Found	0.00000010000000000000
 285		 10513	  6869	0.00000020000000000000
 286		    12	Not Found	0.00000010000000000000
 287		    72	    45	0.00000010000000000000
 288		  5722	  4572	0.00000020000000000000
 289		  3141	  2507	0.00000010000000000000
 290		 10420	Not Found	0.00000010000000000000
 291		 23378	 11944	0.00000020000000000000
 292		  6757	  5415	0.00000010000000000000
 293		 19545	Not Found	0.00000020000000000000
 294		 19754	Not Found	0.00000010000000000000
 295		  6684	  5360	0.00000010000000000000
 296		 19142	 10273	0.00000010000000000000
 297		  8506	Not Found	0.00000020000000000000
 298		  6070	  4867	0.00000010000000000000
 299		  1948	Not Found	0.00000020000000000000
 300		  3768	Not Found	0.00000010000000000000
 301		  7738	  5829	0.00000020000000000000
 302		 17777	Not Found	0.00000010000000000000
 303		  4730	  3742	0.00000020000000000000
 304		 11063	Not Found	0.00000010000000000000
 305		  9654	  6522	0.00000010000000000000
 306		 23382	Not Found	0.00000010000000000000
 307		   511	   427	0.00000010000000000000
 308		  9797	  6592	0.00000010000000000000
 309		 16373	  9156	0.00000020000000000000
 310		 12700	  7681	0.00000010000000000000
 311		  8172	Not Found	0.00000020000000000000
 312		 19678	Not Found	0.00000010000000000000
 313		 22868	 11754	0.00000010000000000000
 314		 18756	 10121	0.00000010000000000000
 315		  3055	  2432	0.00000010000000000000
 316		 21805	 11361	0.00000010000000000000
 317		 11168	Not Found	0.00000010000000000000
 318		  8174	Not Found	0.00000010000000000000
 319		  3058	  2436	0.00000000000000000000
 320		  2928	  2357	0.00000010000000000000
 321		 22212	Not Found	0.00000020000000000000
 322		  4192	  3327	0.00000010000000000000
 323		  2533	Not Found	0.00000020000000000000
 324		 25722	 12884	0.00000010000000000000
 325		  1812	  1449	0.00000010000000000000
 326		 15017	Not Found	0.00000030000000000000
 327		  2173	  1740	0.00000010000000000000
 328		  3959	  3147	0.00000010000000000000
 329		  3768	Not Found	0.00000010000000000000
 330		  4883	Not Found	0.00000020000000000000
 331		 24444	Not Found	0.00000010000000000000
 332		 17557	Not Found	0.00000010000000000000
 333		 10301	  6797	0.00000010000000000000
 334		 11928	Not Found	0.00000020000000000000
 335		  2306	  1860	0.00000010000000000000
 336		  1906	Not Found	0.00000020000000000000
 337		  3752	  2977	0.00000010000000000000
 338		 24103	Not Found	0.00000020000000000000
 339		  5652	Not Found	0.00000020000000000000
 340		  2624	  2086	0.00000010000000000000
 341		  4205	  3337	0.00000010000000000000
 342		  8582	Not Found	0.00000010000000000000
 343		 15405	  8755	0.00000010000000000000
 344		 20000	Not Found	0.00000020000000000000
 345		  1407	  1143	0.00000020000000000000
 346		  7914	Not Found	0.00000010000000000000
 347		 16003	Not Found	0.00000010000000000000
 348		 23774	Not Found	0.00000020000000000000
 349		  2121	  1689	0.00000010000000000000
 350		 14533	Not Found	0.00000010000000000000
 351		  5883	  4709	0.00000020000000000000
 352		 10553	  6890	0.00000010000000000000
 353		  5148	  4070	0.00000020000000000000
 354		 13791	Not Found	0.00000010000000000000
 355		 18879	 10173	0.00000010000000000000
 356		   342	Not Found	0.00000020000000000000
 357		  9434	  6439	0.00000010000000000000
 358		 12200	  7520	0.00000010000000000000
 359		  3343	  2639	0.00000000000000000000
 360		  4021	Not Found	0.00000010000000000000
 361		  1042	   858	0.00000010000000000000
 362		 15053	  8624	0.00000010000000000000
 363		  4854	  3839	0.00000020000000000000
 364		 25652	 12845	0.00000020000000000000
 365		  1965	  1569	0.00000010000000000000
 366		  6265	  5019	0.00000010000000000000
 367		  8542	  6097	0.00000010000000000000
 368		  1106	Not Found	0.00000010000000000000
 369		  7609	Not Found	0.00000010000000000000
 370		 11070	  7091	0.00000010000000000000
 371		 21510	Not Found	0.00000010000000000000
 372		 16471	  9188	0.00000020000000000000
 373		  4547	Not Found	0.00000020000000000000
 374		  3780	  2997	0.00000010000000000000
 375		 17075	  9444	0.00000010000000000000
 376		  1091	   895	0.00000000000000000000
 377		 22171	 11502	0.00000010000000000000
 378		 10496	Not Found	0.00000010000000000000
 379		  1141	   928	0.00000010000000000000
 380		 14084	Not Found	0.00000020000000000000
 381		 13778	Not Found	0.00000020000000000000
 382		  1593	Not Found	0.00000020000000000000
 383		  3692	  2929	0.00000010000000000000
 384		  6123	Not Found	0.00000020000000000000
 385		 22935	 11777	0.00000020000000000000
 386		 18600	 10055	0.00000010000000000000
 387		  1066	   874	0.00000010000000000000
 388		  4705	Not Found	0.00000020000000000000
 389		 12483	Not Found	0.00000010000000000000
 390		  6350	  5092	0.00000020000000000000
 391		 12939	Not Found	0.00000020000000000000
 392		 23910	 12142	0.00000010000000000000
 393		  1537	  1255	0.00000020000000000000
 394		  2683	Not Found	0.00000010000000000000
 395		  1058	Not Found	0.00000010000000000000
 396		  6139	Not Found	0.00000010000000000000
 397		  3586	  2851	0.00000020000000000000
 398		  3035	Not Found	0.00000020000000000000
 399		 10278	Not Found	0.00000020000000000000
 400		  3265	Not Found	0.00000020000000000000
 401		   383	Not Found	0.00000010000000000000
 402		 17603	  9653	0.00000020000000000000
 403		 15085	Not Found	0.00000020000000000000
 404		  1457	Not Found	0.00000010000000000000
 405		  1072	   879	0.00000000000000000000
 406		 10237	Not Found	0.00000020000000000000
 407		 18311	  9910	0.00000010000000000000
 408		   989	   821	0.00000010000000000000
 409		 16622	Not Found	0.00000020000000000000
 410		 10928	Not Found	0.00000010000000000000
 411		 25854	 12943	0.00000030000000000000
 412		     6	     3	0.00000010000000000000
 413		  6516	  5209	0.00000010000000000000
 414		 18420	  9964	0.00000010000000000000
 415		 14556	  8425	0.00000010000000000000
 416		  1312	Not Found	0.00000010000000000000
 417		 20603	Not Found	0.00000020000000000000
 418		 21108	Not Found	0.00000020000000000000
 419		   750	   614	0.00000010000000000000
 420		  7427	  5693	0.00000020000000000000
 421		  8230	  6000	0.00000010000000000000
 422		   308	   283	0.00000020000000000000
 423		  5704	  4555	0.00000020000000000000
 424		 25428	Not Found	0.00000020000000000000
 425		  4811	Not Found	0.00000020000000000000
 426		 22517	Not Found	0.00000010000000000000
 427		 25481	Not Found	0.00000020000000000000
 428		  2243	Not Found	0.00000010000000000000
 429		  6595	  5270	0.00000010000000000000
 430		 19047	Not Found	0.00000010000000000000
 431		  4816	  3811	0.00000010000000000000
 432		 25734	Not Found	0.00000020000000000000
 433		  4819	Not Found	0.00000010000000000000
 434		  2895	  2322	0.00000020000000000000
 435		  6223	Not Found	0.00000020000000000000
 436		 10230	  6758	0.00000010000000000000
 437		 18188	Not Found	0.00000010000000000000
 438		  8153	Not Found	0.00000010000000000000
 439		 21167	Not Found	0.00000010000000000000
 440		  9256	  6375	0.00000020000000000000
 441		 19649	 10452	0.00000010000000000000
 442		 11040	Not Found	0.00000010000000000000
 443		 14837	Not Found	0.00000020000000000000
 444		 14414	  8364	0.00000010000000000000
 445		   679	   555	0.00000020000000000000
 446		 16795	Not Found	0.00000010000000000000
 447		  8243	  6007	0.00000010000000000000
 448		  4543	  3595	0.00000010000000000000
 449		 13841	Not Found	0.00000020000000000000
 450		 15210	Not Found	0.00000010000000000000
 451		  5970	  4768	0.00000010000000000000
 452		  2725	Not Found	0.00000020000000000000
 453		 22220	 11519	0.00000010000000000000
 454		  3634	  2885	0.00000010000000000000
 455		 24542	 12411	0.00000020000000000000
 456		 24821	Not Found	0.00000020000000000000
 457		  8776	  6192	0.00000020000000000000
 458		 23476	Not Found	0.00000020000000000000
 459		  5554	Not Found	0.00000020000000000000
 460		 22949	Not Found	0.00000020000000000000
 461		  2553	Not Found	0.00000020000000000000
 462		 20133	Not Found	0.00000010000000000000
 463		 24854	 12528	0.00000020000000000000
 464		  9241	  6372	0.00000010000000000000
 465		 22781	Not Found	0.00000020000000000000
 466		 14777	Not Found	0.00000010000000000000
 467		  2086	Not Found	0.00000020000000000000
 468		  4574	Not Found	0.00000020000000000000
 469		 23807	Not Found	0.00000020000000000000
 470		 11522	Not Found	0.00000010000000000000
 471		 24629	Not Found	0.00000010000000000000
 472		  4362	  3467	0.00000020000000000000
 473		  5723	Not Found	0.00000020000000000000
 474		  4072	  3239	0.00000020000000000000
 475		 10098	  6698	0.00000010000000000000
 476		 17475	  9603	0.00000020000000000000
 477		 13187	Not Found	0.00000020000000000000
 478		 15065	Not Found	0.00000020000000000000
 479		  3450	  2725	0.00000020000000000000
 480		 14224	Not Found	0.00000020000000000000
 481		 23457	 11968	0.00000020000000000000
 482		 12211	Not Found	0.00000020000000000000
 483		  3470	  2740	0.00000010000000000000
 484		 10413	  6832	0.00000020000000000000
 485		  3198	  2549	0.00000020000000000000
 486		  1982	  1580	0.00000010000000000000
 487		 17750	Not Found	0.00000010000000000000
 488		 21555	Not Found	0.00000020000000000000
 489		  4002	  3183	0.00000020000000000000
 490		 10352	Not Found	0.00000010000000000000
 491		 13093	Not Found	0.00000020000000000000
 492		 12375	Not Found	0.00000020000000000000
 493		 19133	Not Found	0.00000010000000000000
 494		 18380	Not Found	0.00000020000000000000
 495		  9551	Not Found	0.00000020000000000000
 496		  8802	  6208	0.00000010000000000000
 497		  2485	Not Found	0.00000020000000000000
 498		  2027	  1615	0.00000010000000000000
 499		  2841	  2270	0.00000010000000000000
 500		 10337	Not Found	0.00000010000000000000
 501		 19809	Not Found	0.00000010000000000000
 502		  2589	Not Found	0.00000020000000000000
 503		 24608	 12436	0.00000010000000000000
 504		 19229	Not Found	0.00000010000000000000
 505		 19974	Not Found	0.00000010000000000000
 506		  6369	  5111	0.00000010000000000000
 507		  8189	Not Found	0.00000010000000000000
 508		  1725	  1386	0.00000020000000000000
 509		 22623	 11676	0.00000010000000000000
 510		  6595	  5270	0.00000020000000000000
 511		  2264	  1823	0.00000010000000000000
 512		 17675	Not Found	0.00000020000000000000
 513		  9843	Not Found	0.00000010000000000000
 514		  8054	Not Found	0.00000020000000000000
 515		 13610	  8052	0.00000020000000000000
 516		 10373	  6821	0.00000010000000000000
 517		 19714	Not Found	0.00000020000000000000
 518		 20499	Not Found	0.00000010000000000000
 519		  2855	  2282	0.00000020000000000000
 520		 24309	Not Found	0.00000020000000000000
 521		  5407	Not Found	0.00000020000000000000
 522		 12112	Not Found	0.00000010000000000000
 523		  2155	  1725	0.00000010000000000000
 524		 11475	  7248	0.00000020000000000000
 525		 12901	Not Found	0.00000020000000000000
 526		   900	Not Found	0.00000020000000000000
 527		  5764	  4602	0.00000010000000000000
 528		 23112	 11855	0.00000010000000000000
 529		  1267	  1035	0.00000010000000000000
 530		  7754	  5831	0.00000020000000000000
 531		  2737	Not Found	0.00000020000000000000
 532		 20199	Not Found	0.00000020000000000000
 533		  3577	Not Found	0.00000020000000000000
 534		  4165	  3311	0.00000020000000000000
 535		 13945	Not Found	0.00000020000000000000
 536		  5528	  4392	0.00000020000000000000
 537		 14344	Not Found	0.00000020000000000000
 538		   755	Not Found	0.00000030000000000000
 539		 18975	Not Found	0.00000020000000000000
 540		 23764	Not Found	0.00000020000000000000
 541		  3077	  2451	0.00000010000000000000
 542		 24244	Not Found	0.00000020000000000000
 543		 17237	Not Found	0.00000010000000000000
 544		 18200	Not Found	0.00000020000000000000
 545		  4046	  3215	0.00000010000000000000
 546		 16092	Not Found	0.00000020000000000000
 547		 18063	Not Found	0.00000020000000000000
 548		  8083	  5942	0.00000020000000000000
 549		  4752	Not Found	0.00000020000000000000
 550		   583	Not Found	0.00000020000000000000
 551		     9	Not Found	0.00000010000000000000
 552		 18210	  9878	0.00000020000000000000
 553		 12729	Not Found	0.00000010000000000000
 554		  9597	Not Found	0.00000010000000000000
 555		  5643	  4508	0.00000020000000000000
 556		  2031	  1619	0.00000010000000000000
 557		  1465	  1189	0.00000020000000000000
 558		 21367	 11178	0.00000020000000000000
 559		  4204	  3335	0.00000020000000000000
 560		  1318	  1078	0.00000020000000000000
 561		 23886	 12120	0.00000010000000000000
 562		  8785	Not Found	0.00000010000000000000
 563		 22869	Not Found	0.00000020000000000000
 564		 19672	Not Found	0.00000010000000000000
 565		   768	   624	0.00000020000000000000
 566		 13007	  7805	0.00000020000000000000
 567		 15175	Not Found	0.00000020000000000000
 568		  2146	Not Found	0.00000010000000000000
 569		 11434	  7232	0.00000010000000000000
 570		  5621	  4485	0.00000010000000000000
 571		    95	    74	0.00000010000000000000
 572		  9792	Not Found	0.00000010000000000000
 573		 15675	  8862	0.00000020000000000000
 574		 11426	Not Found	0.00000010000000000000
 575		  5849	Not Found	0.00000010000000000000
 576		  2319	Not Found	0.00000020000000000000
 577		  9468	  6457	0.00000010000000000000
 578		  1549	  1263	0.00000020000000000000
 579		 24276	 12294	0.00000010000000000000
 580		  1857	  1486	0.00000010000000000000
 581		 16802	  9313	0.00000020000000000000
 582		 21427	Not Found	0.00000020000000000000
 583		  1364	Not Found	0.00000010000000000000
 584		  4372	  3475	0.00000020000000000000
 585		  5894	Not Found	0.00000020000000000000
 586		  1055	   870	0.00000010000000000000
 587		  4237	Not Found	0.00000010000000000000
 588		  3893	Not Found	0.00000020000000000000
 589		 23939	 12152	0.00000020000000000000
 590		  3403	Not Found	0.00000010000000000000
 591		   351	   307	0.00000020000000000000
 592		  5777	Not Found	0.00000020000000000000
 593		 20383	Not Found	0.00000020000000000000
 594		  5045	  3981	0.00000010000000000000
 595		 11805	Not Found	0.00000020000000000000
 596		 19868	 10547	0.00000020000000000000
 597		  5470	Not Found	0.00000010000000000000
 598		  1974	Not Found	0.00000010000000000000
 599		 14994	Not Found	0.00000010000000000000
 600		  4117	  3272	0.00000010000000000000
 601		  6196	Not Found	0.00000020000000000000
 602		 11535	  7270	0.00000020000000000000
 603		 20806	 10914	0.00000020000000000000
 604		 15610	Not Found	0.00000010000000000000
 605		 11978	  7433	0.00000010000000000000
 606		 16581	Not Found	0.00000010000000000000
 607		   509	Not Found	0.00000020000000000000
 608		  4232	Not Found	0.00000010000000000000
 609		  1859	Not Found	0.00000010000000000000
 610		 12592	Not Found	0.00000020000000000000
 611		  1009	   837	0.00000010000000000000
 612		 15606	  8834	0.00000010000000000000
 613		 12622	Not Found	0.00000020000000000000
 614		  7246	Not Found	0.00000020000000000000
 615		  1697	  1365	0.00000010000000000000
 616		  5586	  4445	0.00000020000000000000
 617		  8414	Not Found	0.00000010000000000000
 618		  2141	  1712	0.00000010000000000000
 619		 24698	Not Found	0.00000020000000000000
 620		 10508	Not Found	0.00000010000000000000
 621		  9865	  6618	0.00000010000000000000
 622		  2728	  2193	0.00000020000000000000
 623		 25077	 12607	0.00000010000000000000
 624		 17602	Not Found	0.00000010000000000000
 625		 18222	Not Found	0.00000020000000000000
 626		 20641	 10841	0.00000100000000000000
 627		  3729	  2960	0.00000020000000000000
 628		 24731	Not Found	0.00000010000000000000
 629		 14043	  8209	0.00000010000000000000
 630		 16176	  9076	0.00000010000000000000
 631		  3795	  3011	0.00000020000000000000
 632		 23528	Not Found	0.00000010000000000000
 633		  5470	Not Found	0.00000020000000000000
 634		  7243	Not Found	0.00000010000000000000
 635		  6603	  5276	0.00000010000000000000
 636		  5080	  4009	0.00000010000000000000
 637		  4586	Not Found	0.00000020000000000000
 638		  4407	Not Found	0.00000020000000000000
 639		  4552	  3602	0.00000010000000000000
 640		  9659	Not Found	0.00000010000000000000
 641		  1628	  1318	0.00000020000000000000
 642		 16493	Not Found	0.00000020000000000000
 643		  1566	  1279	0.00000010000000000000
 644		   537	   443	0.00000020000000000000
 645		  8942	Not Found	0.00000020000000000000
 646		 20049	Not Found	0.00000020000000000000
 647		  6247	  5003	0.00000020000000000000
 648		  1860	  1489	0.00000010000000000000
 649		 22923	Not Found	0.00000010000000000000
 650		 13151	Not Found	0.00000010000000000000
 651		  8793	  6203	0.00000010000000000000
 652		 21691	Not Found	0.00000020000000000000
 653		  8596	Not Found	0.00000010000000000000
 654		 10551	  6889	0.00000010000000000000
 655		 14647	  8466	0.00000020000000000000
 656		    49	    24	0.00000010000000000000
 657		 17219	Not Found	0.00000010000000000000
 658		  5547	Not Found	0.00000020000000000000
 659		 13370	  7957	0.00000020000000000000
 660		  5037	  3974	0.00000010000000000000
 661		 25119	Not Found	0.00000020000000000000
 662		 10213	  6742	0.00000010000000000000
 663		  7361	Not Found	0.00000020000000000000
 664		 21843	Not Found	0.00000020000000000000
 665		   911	Not Found	0.00000010000000000000
 666		 11359	Not Found	0.00000010000000000000
 667		   294	Not Found	0.00000020000000000000
 668		  6131	Not Found	0.00000010000000000000
 669		   530	Not Found	0.00000010000000000000
 670		 11853	Not Found	0.00000010000000000000
 671		 18243	Not Found	0.00000010000000000000
 672		 19232	Not Found	0.00000010000000000000
 673		  7230	Not Found	0.00000020000000000000
 674		  4701	  3719	0.00000020000000000000
 675		  2100	  1668	0.00000020000000000000
 676		  5764	  4602	0.00000010000000000000
 677		 17992	  9805	0.00000020000000000000
 678		  5331	Not Found	0.00000010000000000000
 679		 22879	Not Found	0.00000010000000000000
 680		  2722	  2185	0.00000020000000000000
 681		 24404	Not Found	0.00000020000000000000
 682		 19022	 10217	0.00000010000000000000
 683		  9906	  6635	0.00000010000000000000
 684		  9788	Not Found	0.00000010000000000000
 685		 25452	Not Found	0.00000020000000000000
 686		 19103	 10253	0.00000010000000000000
 687		   556	   461	0.00000010000000000000
 688		  4662	Not Found	0.00000020000000000000
 689		 22310	Not Found	0.00000010000000000000
 690		  5147	Not Found	0.00000020000000000000
 691		  3231	Not Found	0.00000020000000000000
 692		  2395	Not Found	0.00000010000000000000
 693		  5761	  4600	0.00000010000000000000
 694		  5247	  4150	0.00000010000000000000
 695		 23476	Not Found	0.00000010000000000000
 696		  9278	Not Found	0.00000010000000000000
 697		  2833	Not Found	0.00000020000000000000
 698		  1139	Not Found	0.00000020000000000000
 699		   303	   277	0.00000010000000000000
 700		 14595	  8436	0.00000020000000000000
 701		  3420	Not Found	0.00000010000000000000
 702		 19202	Not Found	0.00000010000000000000
 703		  6004	  4803	0.00000010000000000000
 704		 16800	  9312	0.00000020000000000000
 705		  4083	  3247	0.00000010000000000000
 706		 24536	 12405	0.00000010000000000000
 707		  4538	Not Found	0.00000020000000000000
 708		 13390	  7968	0.00000020000000000000
 709		  7973	Not Found	0.00000010000000000000
 710		 13613	Not Found	0.00000010000000000000
 711		  5456	Not Found	0.00000020000000000000
 712		 12308	Not Found	0.00000020000000000000
 713		 25728	Not Found	0.00000010000000000000
 714		 22098	 11475	0.00000010000000000000
 715		  3198	  2549	0.00000010000000000000
 716		 12278	Not Found	0.00000010000000000000
 717		 21721	 11323	0.00000010000000000000
 718		 21641	 11281	0.00000010000000000000
 719		 11228	Not Found	0.00000020000000000000
 720		  6362	Not Found	0.00000010000000000000
 721		 10782	  6976	0.00000030000000000000
 722		  4234	  3370	0.00000020000000000000
 723		 14664	Not Found	0.00000020000000000000
 724		  6011	Not Found	0.00000010000000000000
 725		 16843	Not Found	0.00000010000000000000
 726		 23459	Not Found	0.00000010000000000000
 727		 19780	Not Found	0.00000020000000000000
 728		  5265	  4162	0.00000010000000000000
 729		  7434	  5699	0.00000020000000000000
 730		  4016	Not Found	0.00000020000000000000
 731		 24063	Not Found	0.00000010000000000000
 732		 24833	 12517	0.00000760000000000000
 733		 11294	Not Found	0.00000020000000000000
 734		 13451	Not Found	0.00000020000000000000
 735		  1493	  1219	0.00001030000000000000
 736		  2193	  1759	0.00000030000000000000
 737		   881	   730	0.00000030000000000000
 738		 17494	Not Found	0.00000010000000000000
 739		  3817	Not Found	0.00000020000000000000
 740		  6191	  4958	0.00000010000000000000
 741		  1356	Not Found	0.00000020000000000000
 742		  5974	Not Found	0.00000010000000000000
 743		 14466	  8388	0.00000010000000000000
 744		 25810	 12921	0.00000020000000000000
 745		 12120	Not Found	0.00000020000000000000
 746		  9362	Not Found	0.00000020000000000000
 747		 15603	Not Found	0.00000030000000000000
 748		   705	   582	0.00000020000000000000
 749		 12963	  7784	0.00000020000000000000
 750		 12445	Not Found	0.00000010000000000000
 751		  6480	Not Found	0.00000010000000000000
 752		  2819	Not Found	0.00000010000000000000
 753		  4581	Not Found	0.00000020000000000000
 754		 24240	Not Found	0.00000010000000000000
 755		  4030	Not Found	0.00000020000000000000
 756		 17159	  9478	0.00000020000000000000
 757		  9667	  6526	0.00000020000000000000
 758		 22523	Not Found	0.00000010000000000000
 759		   378	   329	0.00000020000000000000
 760		  5684	  4540	0.00000020000000000000
 761		  2499	  1997	0.00000010000000000000
 762		  6061	Not Found	0.00000020000000000000
 763		 10781	Not Found	0.00000010000000000000
 764		  4803	  3802	0.00000020000000000000
 765		 17697	Not Found	0.00000010000000000000
 766		 22163	Not Found	0.00000010000000000000
 767		  8222	  5993	0.00000020000000000000
 768		 22924	 11775	0.00000010000000000000
 769		  5746	Not Found	0.00000010000000000000
 770		 13709	Not Found	0.00000010000000000000
 771		 16024	Not Found	0.00000010000000000000
 772		  5007	  3958	0.00000020000000000000
 773		  9351	  6411	0.00000020000000000000
 774		 15751	  8897	0.00000000000000000000
 775		 23629	 12032	0.00000010000000000000
 776		 20565	Not Found	0.00000020000000000000
 777		  6692	  5366	0.00000010000000000000
 778		 17975	Not Found	0.00000020000000000000
 779		  3676	  2920	0.00000020000000000000
 780		 10677	Not Found	0.00000010000000000000
 781		  3473	Not Found	0.00000020000000000000
 782		 19586	Not Found	0.00000020000000000000
 783		  8591	Not Found	0.00000020000000000000
 784		 14458	Not Found	0.00000020000000000000
 785		  3697	Not Found	0.00000020000000000000
 786		     4	Not Found	0.00000020000000000000
 787		  6536	  5219	0.00000010000000000000
 788		 17477	  9604	0.00000020000000000000
 789		 22578	Not Found	0.00000010000000000000
 790		   671	Not Found	0.00000020000000000000
 791		  5837	  4675	0.00000020000000000000
 792		 15632	Not Found	0.00000010000000000000
 793		   164	   142	0.00000020000000000000
 794		 16451	Not Found	0.00000010000000000000
 795		 11281	  7183	0.00000010000000000000
 796		 19299	 10325	0.00000010000000000000
 797		  4909	  3876	0.00000010000000000000
 798		  8384	  6053	0.00000020000000000000
 799		  1701	Not Found	0.00000010000000000000
 800		 12490	Not Found	0.00000010000000000000
 801		 18380	Not Found	0.00000020000000000000
 802		  1960	  1566	0.00000010000000000000
 803		 10719	Not Found	0.00000020000000000000
 804		  3206	  2554	0.00000020000000000000
 805		  5900	Not Found	0.00000020000000000000
 806		 18536	Not Found	0.00000010000000000000
 807		  9290	Not Found	0.00000020000000000000
 808		 22659	 11691	0.00000020000000000000
 809		  4908	  3875	0.00000020000000000000
 810		  4200	Not Found	0.00000010000000000000
 811		 14206	  8284	0.00000010000000000000
 812		 12938	Not Found	0.00000010000000000000
 813		 19053	Not Found	0.00000020000000000000
 814		  6625	Not Found	0.00000010000000000000
 815		  4001	  3182	0.00000020000000000000
 816		 17848	  9749	0.00000010000000000000
 817		 21083	Not Found	0.00000020000000000000
 818		   239	   220	0.00000010000000000000
 819		  5166	  4083	0.00000020000000000000
 820		   671	Not Found	0.00000010000000000000
 821		 17119	  9462	0.00000040000000000000
 822		  2391	  1921	0.00000020000000000000
 823		 13813	Not Found	0.00000030000000000000
 824		 16651	Not Found	0.00000030000000000000
 825		  5220	Not Found	0.00000040000000000000
 826		  4074	Not Found	0.00000020000000000000
 827		 24164	Not Found	0.00000020000000000000
 828		  2712	  2175	0.00000020000000000000
 829		  9482	  6462	0.00000030000000000000
 830		  1722	Not Found	0.00000030000000000000
 831		 25604	Not Found	0.00000020000000000000
 832		 17602	Not Found	0.00000020000000000000
 833		  5143	  4067	0.00000010000000000000
 834		 21197	 11101	0.00000020000000000000
 835		 10310	Not Found	0.00000020000000000000
 836		  1596	Not Found	0.00000020000000000000
 837		 24916	Not Found	0.00000020000000000000
 838		 23712	 12057	0.00000020000000000000
 839		 17024	  9417	0.00000010000000000000
 840		  1861	Not Found	0.00000020000000000000
 841		  7351	Not Found	0.00000200000000000000
 842		  7246	Not Found	0.00000020000000000000
 843		 23603	 12022	0.00000010000000000000
 844		  9528	  6475	0.00000010000000000000
 845		  8701	  6160	0.00000020000000000000
 846		  3681	  2923	0.00000020000000000000
 847		  8847	  6226	0.00000010000000000000
 848		  5540	  4403	0.00000020000000000000
 849		 14971	Not Found	0.00000020000000000000
 850		  1368	  1116	0.00000020000000000000
 851		  2985	Not Found	0.00000030000000000000
 852		  5275	  4172	0.00000020000000000000
 853		  9108	Not Found	0.00000010000000000000
 854		 21194	Not Found	0.00000020000000000000
 855		  6731	Not Found	0.00000020000000000000
 856		  6270	  5026	0.00000010000000000000
 857		 14045	Not Found	0.00000020000000000000
 858		   457	Not Found	0.00000010000000000000
 859		  2573	Not Found	0.00000020000000000000
 860		 19033	 10221	0.00000040000000000000
 861		 23935	Not Found	0.00000020000000000000
 862		    42	Not Found	0.00000010000000000000
 863		  2995	Not Found	0.00000020000000000000
 864		  2651	  2111	0.00000010000000000000
 865		 21213	Not Found	0.00000010000000000000
 866		  3477	  2750	0.00000020000000000000
 867		 17750	Not Found	0.00000010000000000000
 868		  5209	  4120	0.00000010000000000000
 869		  5351	Not Found	0.00000010000000000000
 870		  8920	Not Found	0.00000010000000000000
 871		 23800	Not Found	0.00000010000000000000
 872		  2692	  2154	0.00000020000000000000
 873		 19726	Not Found	0.00000010000000000000
 874		 18192	  9874	0.00000020000000000000
 875		  1282	  1042	0.00000010000000000000
 876		  2087	  1662	0.00000020000000000000
 877		  8458	Not Found	0.00000030000000000000
 878		  9131	  6333	0.00000010000000000000
 879		  3424	Not Found	0.00000020000000000000
 880		 12069	Not Found	0.00000030000000000000
 881		 21016	 11026	0.00000020000000000000
 882		  8616	Not Found	0.00000020000000000000
 883		 22064	 11461	0.00000020000000000000
 884		 10659	Not Found	0.00000010000000000000
 885		  3095	  2464	0.00000020000000000000
 886		  6384	  5123	0.00000010000000000000
 887		  2406	Not Found	0.00000020000000000000
 888		  3698	  2935	0.00000020000000000000
 889		 15669	Not Found	0.00000020000000000000
 890		  1465	  1189	0.00000010000000000000
 891		 16964	Not Found	0.00000010000000000000
 892		   784	Not Found	0.00001060000000000000
 893		  3525	  2793	0.00000020000000000000
 894		  2232	  1788	0.00000010000000000000
 895		 23400	 11951	0.00000030000000000000
 896		  6783	Not Found	0.00000020000000000000
 897		 10421	  6835	0.00000020000000000000
 898		  2263	Not Found	0.00000020000000000000
 899		 16534	Not Found	0.00000020000000000000
 900		   518	   428	0.00000010000000000000
 901		 17357	Not Found	0.00000010000000000000
 902		 18359	  9937	0.00000020000000000000
 903		  3512	  2781	0.00000010000000000000
 904		 13350	Not Found	0.00000010000000000000
 905		 20090	Not Found	0.00000020000000000000
 906		 12760	Not Found	0.00000020000000000000
 907		  7971	Not Found	0.00000020000000000000
 908		 17856	  9751	0.00000010000000000000
 909		 10331	Not Found	0.00000020000000000000
 910		 22374	 11573	0.00000020000000000000
 911		  4492	Not Found	0.00000030000000000000
 912		 15653	Not Found	0.00000020000000000000
 913		 14459	  8385	0.00000020000000000000
 914		   454	Not Found	0.00000020000000000000
 915		  7323	  5652	0.00000020000000000000
 916		  2558	Not Found	0.00000030000000000000
 917		 25137	Not Found	0.00000020000000000000
 918		 24754	Not Found	0.00000030000000000000
 919		 22351	 11567	0.00000010000000000000
 920		 18125	  9853	0.00000010000000000000
 921		 16709	Not Found	0.00000010000000000000
 922		  2209	  1774	0.00000020000000000000
 923		  1873	  1505	0.00000020000000000000
 924		  4388	  3484	0.00000020000000000000
 925		  3012	  2406	0.00000010000000000000
 926		  8203	  5986	0.00000010000000000000
 927		 17277	  9528	0.00000020000000000000
 928		 12821	  7729	0.00000020000000000000
 929		 25718	 12881	0.00000020000000000000
 930		  4731	Not Found	0.00000020000000000000
 931		  3471	  2743	0.00000020000000000000
 932		 10985	Not Found	0.00000020000000000000
 933		  3357	  2648	0.00000020000000000000
 934		  5718	Not Found	0.00000020000000000000
 935		 25290	Not Found	0.00000020000000000000
 936		  5252	  4155	0.00000010000000000000
 937		 24385	Not Found	0.00000020000000000000
 938		 16843	Not Found	0.00000020000000000000
 939		  1247	  1017	0.00000020000000000000
 940		 11369	Not Found	0.00000020000000000000
 941		  1834	Not Found	0.00000010000000000000
 942		 11067	Not Found	0.00000010000000000000
 943		  5436	  4305	0.00000010000000000000
 944		  3723	  2953	0.00000020000000000000
 945		  8429	Not Found	0.00000010000000000000
 946		 16923	  9378	0.00000020000000000000
 947		 20995	 11016	0.00000020000000000000
 948		  4772	  3775	0.00000020000000000000
 949		 24490	Not Found	0.00000020000000000000
 950		  1656	  1332	0.00000020000000000000
 951		 19468	Not Found	0.00000020000000000000
 952		 15961	Not Found	0.00000010000000000000
 953		  2901	  2328	0.00000010000000000000
 954		   602	Not Found	0.00000020000000000000
 955		 14845	Not Found	0.00000020000000000000
 956		 13565	Not Found	0.00000010000000000000
 957		 13892	Not Found	0.00000020000000000000
 958		 18892	Not Found	0.00000010000000000000
 959		 16009	Not Found	0.00000020000000000000
 960		 12804	  7720	0.00000020000000000000
 961		   873	   719	0.00000010000000000000
 962		   859	Not Found	0.00000010000000000000
 963		 21447	Not Found	0.00000020000000000000
 964		  1979	  1579	0.00000010000000000000
 965		  5281	Not Found	0.00000010000000000000
 966		  3708	  2942	0.00000020000000000000
 967		 24117	Not Found	0.00000020000000000000
 968		  4263	Not Found	0.00000020000000000000
 969		 20907	Not Found	0.00000020000000000000
 970		  8211	  5988	0.00000020000000000000
 971		  2925	Not Found	0.00000020000000000000
 972		  2299	Not Found	0.00000010000000000000
 973		  4445	Not Found	0.00000010000000000000
 974		  9426	Not Found	0.00000020000000000000
 975		 10103	Not Found	0.00000010000000000000
 976		  5695	Not Found	0.00000020000000000000
 977		 21172	 11088	0.00000010000000000000
 978		  5775	  4612	0.00000010000000000000
 979		 14318	Not Found	0.00000020000000000000
 980		  7933	  5898	0.00000020000000000000
 981		  4682	  3705	0.00000010000000000000
 982		  5929	Not Found	0.00000020000000000000
 983		  9127	  6331	0.00000020000000000000
 984		 18060	  9833	0.00000010000000000000
 985		  4637	Not Found	0.00000020000000000000
 986		  6268	  5024	0.00000020000000000000
 987		 10271	Not Found	0.00000010000000000000
 988		  4867	  3848	0.00000010000000000000
 989		  3933	Not Found	0.00000010000000000000
 990		  3490	  2761	0.00000010000000000000
 991		 21909	Not Found	0.00000020000000000000
 992		  7990	Not Found	0.00000010000000000000
 993		  5846	  4682	0.00000010000000000000
 994		 18332	Not Found	0.00000020000000000000
 995		  2360	  1892	0.00001440000000000000
 996		  2933	Not Found	0.00000020000000000000
 997		   719	Not Found	0.00000010000000000000
 998		   834	   684	0.00000010000000000000
 999		  4210	Not Found	0.00000020000000000000
1000		   230	   209	0.00000010000000000000
