BINARY SEARCH ANALYSIS
Array Size = 15000
-------------------------------------------
Iteration	Key	Index	Time (sec)
-------------------------------------------
   1		 11587	  6547	0.00000020000000000000
   2		 18031	Not Found	0.00000020000000000000
   3		 26504	Not Found	0.00000010000000000000
   4		  3863	Not Found	0.00000020000000000000
   5		 17865	Not Found	0.00000010000000000000
   6		 28612	Not Found	0.00000010000000000000
   7		 17680	  9422	0.00000020000000000000
   8		 21282	Not Found	0.00000010000000000000
   9		 10234	Not Found	0.00000010000000000000
  10		 29044	Not Found	0.00000020000000000000
  11		 11635	Not Found	0.00000010000000000000
  12		  7905	Not Found	0.00000010000000000000
  13		 20036	Not Found	0.00000010000000000000
  14		  6473	  4196	0.00000010000000000000
  15		 16414	Not Found	0.00000010000000000000
  16		 14750	Not Found	0.00000020000000000000
  17		 12818	  7151	0.00000010000000000000
  18		 19725	Not Found	0.00000010000000000000
  19		  5512	Not Found	0.00000020000000000000
  20		 15492	Not Found	0.00000020000000000000
  21		  8248	Not Found	0.00000020000000000000
  22		  7511	Not Found	0.00000010000000000000
  23		 22199	 11473	0.00000020000000000000
  24		 23566	 12085	0.00000010000000000000
  25		 11409	Not Found	0.00000020000000000000
  26		  1396	  1287	0.00000010000000000000
  27		 28166	 14174	0.00000010000000000000
  28		 26047	Not Found	0.00000010000000000000
  29		  2278	  2099	0.00000010000000000000
  30		 16553	  8902	0.00000010000000000000
  31		 13605	  7537	0.00000020000000000000
  32		 17940	Not Found	0.00000010000000000000
  33		 17170	Not Found	0.00000020000000000000
  34		  3048	Not Found	0.00000020000000000000
  35		 17505	  9347	0.00000010000000000000
  36		 10935	Not Found	0.00000020000000000000
  37		 11876	  6687	0.00000010000000000000
  38		  3458	  2860	0.00000010000000000000
  39		 18214	Not Found	0.00000010000000000000
  40		  5365	Not Found	0.00000010000000000000
  41		  1813	Not Found	0.00000020000000000000
  42		 20812	Not Found	0.00000010000000000000
  43		  1170	  1072	0.00000010000000000000
  44		 28786	Not Found	0.00000010000000000000
  45		 18459	Not Found	0.00000010000000000000
  46		 10788	  6179	0.00000010000000000000
  47		 13419	Not Found	0.00000020000000000000
  48		   539	Not Found	0.00000010000000000000
  49		  6765	Not Found	0.00000020000000000000
  50		 14470	Not Found	0.00000020000000000000
  51		 10116	  5867	0.00000010000000000000
  52		 17245	Not Found	0.00000010000000000000
  53		 10055	  5833	0.00000010000000000000
  54		 16218	  8767	0.00000010000000000000
  55		 11548	  6526	0.00000010000000000000
  56		  2148	Not Found	0.00000020000000000000
  57		 19424	 10220	0.00000010000000000000
  58		 15120	Not Found	0.00000010000000000000
  59		 21432	Not Found	0.00000020000000000000
  60		 14791	Not Found	0.00000020000000000000
  61		  3962	Not Found	0.00000020000000000000
  62		 28399	Not Found	0.00000020000000000000
  63		  1618	Not Found	0.00000020000000000000
  64		 22674	Not Found	0.00000010000000000000
  65		 11146	Not Found	0.00000010000000000000
  66		 23722	 12167	0.00000020000000000000
  67		   113	    94	0.00000010000000000000
  68		 26211	 13299	0.00000020000000000000
  69		 24345	Not Found	0.00000020000000000000
  70		 23093	 11850	0.00000010000000000000
  71		  9883	Not Found	0.00000010000000000000
  72		  2746	  2534	0.00000020000000000000
  73		  4458	Not Found	0.00000020000000000000
  74		 14806	  8078	0.00000020000000000000
  75		 19001	Not Found	0.00000010000000000000
  76		 23242	Not Found	0.00000010000000000000
  77		  2013	Not Found	0.00000020000000000000
  78		 14463	Not Found	0.00000020000000000000
  79		 17018	  9121	0.00000010000000000000
  80		 18069	Not Found	0.00000010000000000000
  81		 13075	Not Found	0.00000020000000000000
  82		  9819	Not Found	0.00000010000000000000
  83		   890	   814	0.00000010000000000000
  84		 14839	Not Found	0.00000020000000000000
  85		 22355	 11523	0.00000010000000000000
  86		  2167	  2008	0.00000010000000000000
  87		 26852	 13587	0.00000010000000000000
  88		 16433	  8846	0.00000010000000000000
  89		  5164	  3625	0.00000020000000000000
  90		 23491	Not Found	0.00000020000000000000
  91		  1750	Not Found	0.00000020000000000000
  92		 23241	 11922	0.00000010000000000000
  93		  3932	Not Found	0.00000020000000000000
  94		  4233	Not Found	0.00000010000000000000
  95		 24516	Not Found	0.00000020000000000000
  96		 11136	Not Found	0.00000010000000000000
  97		 18161	  9642	0.00000020000000000000
  98		 14301	  7860	0.00000020000000000000
  99		  7631	  4729	0.00000010000000000000
 100		  1365	Not Found	0.00000020000000000000
 101		 20142	Not Found	0.00000020000000000000
 102		  4485	Not Found	0.00000010000000000000
 103		 20600	Not Found	0.00000020000000000000
 104		 27880	Not Found	0.00000020000000000000
 105		  1920	Not Found	0.00000010000000000000
 106		  2876	Not Found	0.00000020000000000000
 107		  7776	  4794	0.00000020000000000000
 108		  2593	  2412	0.00000010000000000000
 109		 18770	  9920	0.00000010000000000000
 110		 12545	Not Found	0.00000020000000000000
 111		 17489	Not Found	0.00000020000000000000
 112		  6386	Not Found	0.00000020000000000000
 113		 26189	Not Found	0.00000010000000000000
 114		   645	   580	0.00000010000000000000
 115		  1410	  1301	0.00000010000000000000
 116		 19130	Not Found	0.00000020000000000000
 117		 20772	Not Found	0.00000020000000000000
 118		  5605	  3819	0.00000010000000000000
 119		 28951	Not Found	0.00000010000000000000
 120		  3788	Not Found	0.00000010000000000000
 121		 25791	 13105	0.00000010000000000000
 122		 24293	Not Found	0.00000020000000000000
 123		  8424	Not Found	0.00000010000000000000
 124		  7215	  4535	0.00000020000000000000
 125		 11861	Not Found	0.00000020000000000000
 126		 21534	Not Found	0.00000020000000000000
 127		 21891	 11327	0.00000020000000000000
 128		  8903	  5309	0.00000010000000000000
 129		  2448	Not Found	0.00000020000000000000
 130		 24744	Not Found	0.00000020000000000000
 131		  4980	Not Found	0.00000020000000000000
 132		   900	   828	0.00000050000000000000
 133		 18412	  9754	0.00000050000000000000
 134		 29468	Not Found	0.00000030000000000000
 135		  9668	  5655	0.00000030000000000000
 136		 22745	Not Found	0.00000020000000000000
 137		 26465	 13406	0.00000010000000000000
 138		 27043	 13652	0.00000010000000000000
 139		 10687	Not Found	0.00000020000000000000
 140		 25456	 12959	0.00000010000000000000
 141		  7233	Not Found	0.00000010000000000000
 142		  1107	Not Found	0.00000020000000000000
 143		  2042	  1884	0.00000010000000000000
 144		 12060	  6795	0.00000010000000000000
 145		 12899	  7190	0.00000010000000000000
 146		 20924	Not Found	0.00000020000000000000
 147		  2405	Not Found	0.00000010000000000000
 148		  1039	Not Found	0.00000020000000000000
 149		  2433	  2252	0.00000010000000000000
 150		 18877	Not Found	0.00000010000000000000
 151		  8382	Not Found	0.00000010000000000000
 152		   797	   728	0.00000010000000000000
 153		 12511	  7020	0.00000010000000000000
 154		  2717	Not Found	0.00000010000000000000
 155		 28534	 14321	0.00000020000000000000
 156		 13664	Not Found	0.00000020000000000000
 157		 26157	Not Found	0.00000010000000000000
 158		 27734	Not Found	0.00000010000000000000
 159		 28568	Not Found	0.00000010000000000000
 160		 17997	Not Found	0.00000010000000000000
 161		  1663	Not Found	0.00000010000000000000
 162		 24116	 12334	0.00000010000000000000
 163		 24855	Not Found	0.00000020000000000000
 164		   456	Not Found	0.00000020000000000000
 165		 27035	 13649	0.00000020000000000000
 166		 17055	  9134	0.00000020000000000000
 167		  1623	  1490	0.00000020000000000000
 168		 25764	Not Found	0.00000020000000000000
 169		  3779	Not Found	0.00000020000000000000
 170		 15669	Not Found	0.00000020000000000000
 171		 21471	 11128	0.00000010000000000000
 172		 28813	 14460	0.00000010000000000000
 173		 25715	Not Found	0.00000010000000000000
 174		 10013	Not Found	0.00000020000000000000
 175		 20349	 10617	0.00000010000000000000
 176		 25337	Not Found	0.00000020000000000000
 177		 10653	  6109	0.00000010000000000000
 178		  7575	  4696	0.00000010000000000000
 179		 18538	Not Found	0.00000010000000000000
 180		 22620	 11653	0.00000010000000000000
 181		 18739	  9907	0.00000010000000000000
 182		 24279	Not Found	0.00000020000000000000
 183		 18144	Not Found	0.00000010000000000000
 184		 12187	Not Found	0.00000020000000000000
 185		  2725	Not Found	0.00000010000000000000
 186		 26899	Not Found	0.00000010000000000000
 187		 29705	Not Found	0.00000020000000000000
 188		 16836	Not Found	0.00000010000000000000
 189		  1196	  1101	0.00000010000000000000
 190		  4059	Not Found	0.00000010000000000000
 191		 10762	Not Found	0.00000010000000000000
 192		 16892	Not Found	0.00000010000000000000
 193		 14742	Not Found	0.00000010000000000000
 194		  1657	Not Found	0.00000010000000000000
 195		 17728	Not Found	0.00000010000000000000
 196		 22969	Not Found	0.00000020000000000000
 197		  9859	Not Found	0.00000020000000000000
 198		 18361	Not Found	0.00000010000000000000
 199		  6857	Not Found	0.00000020000000000000
 200		 21809	 11297	0.00000020000000000000
 201		 17439	Not Found	0.00000010000000000000
 202		 12826	Not Found	0.00000010000000000000
 203		 14407	Not Found	0.00000010000000000000
 204		 29714	 14876	0.00000010000000000000
 205		 22961	Not Found	0.00000010000000000000
 206		  4614	  3365	0.00000020000000000000
 207		 20704	 10772	0.00000010000000000000
 208		 12915	  7199	0.00000010000000000000
 209		 29250	 14657	0.00000010000000000000
 210		  2159	  1991	0.00000010000000000000
 211		  1626	Not Found	0.00000020000000000000
 212		  7690	Not Found	0.00000010000000000000
 213		 11523	Not Found	0.00000020000000000000
 214		  7898	  4841	0.00000010000000000000
 215		  9861	Not Found	0.00000010000000000000
 216		  2976	Not Found	0.00000010000000000000
 217		 27881	 14043	0.00000010000000000000
 218		 18544	  9813	0.00000010000000000000
 219		 25640	Not Found	0.00000010000000000000
 220		 16579	  8915	0.00000010000000000000
 221		 11162	  6358	0.00000020000000000000
 222		  1058	   973	0.00000010000000000000
 223		 29921	Not Found	0.00000010000000000000
 224		 26043	Not Found	0.00000010000000000000
 225		 29580	 14810	0.00000010000000000000
 226		 18478	  9786	0.00000020000000000000
 227		 12920	Not Found	0.00000020000000000000
 228		 21439	 11118	0.00000010000000000000
 229		 17771	  9461	0.00000010000000000000
 230		 19984	Not Found	0.00000020000000000000
 231		 16531	Not Found	0.00000020000000000000
 232		  4968	Not Found	0.00000020000000000000
 233		 27836	 14022	0.00000010000000000000
 234		 14458	Not Found	0.00000010000000000000
 235		  9855	Not Found	0.00000010000000000000
 236		  8037	Not Found	0.00000020000000000000
 237		  1985	Not Found	0.00000010000000000000
 238		 16822	Not Found	0.00000010000000000000
 239		 13869	  7666	0.00000010000000000000
 240		 16241	  8777	0.00000010000000000000
 241		 18076	  9600	0.00000010000000000000
 242		   875	   801	0.00000010000000000000
 243		 25723	 13082	0.00000010000000000000
 244		  3970	Not Found	0.00000010000000000000
 245		  9654	Not Found	0.00000010000000000000
 246		 22383	Not Found	0.00000010000000000000
 247		   389	   342	0.00000010000000000000
 248		  1859	  1709	0.00000010000000000000
 249		 10082	  5846	0.00000010000000000000
 250		 15068	  8206	0.00000020000000000000
 251		 10588	  6082	0.00000020000000000000
 252		  5573	Not Found	0.00000020000000000000
 253		 20670	 10751	0.00000020000000000000
 254		 26470	Not Found	0.00000010000000000000
 255		 13350	Not Found	0.00000010000000000000
 256		  9585	Not Found	0.00000010000000000000
 257		 28122	Not Found	0.00000010000000000000
 258		  5867	Not Found	0.00000010000000000000
 259		 20293	Not Found	0.00000020000000000000
 260		  7234	  4545	0.00000020000000000000
 261		 24861	Not Found	0.00000020000000000000
 262		  9548	Not Found	0.00000010000000000000
 263		  7660	Not Found	0.00000010000000000000
 264		 11313	  6417	0.00000010000000000000
 265		   484	   417	0.00000020000000000000
 266		  1148	Not Found	0.00000010000000000000
 267		  8720	  5237	0.00000020000000000000
 268		  2032	  1872	0.00000010000000000000
 269		 20075	 10505	0.00000010000000000000
 270		 14038	  7732	0.00000010000000000000
 271		  7532	  4677	0.00000010000000000000
 272		 20442	 10650	0.00000020000000000000
 273		 29937	Not Found	0.00000010000000000000
 274		 17332	Not Found	0.00000020000000000000
 275		   967	Not Found	0.00000020000000000000
 276		 19243	 10132	0.00000010000000000000
 277		   743	   686	0.00000010000000000000
 278		 23101	Not Found	0.00000020000000000000
 279		 25209	Not Found	0.00000010000000000000
 280		 16748	Not Found	0.00000010000000000000
 281		 29322	Not Found	0.00000020000000000000
 282		  5758	Not Found	0.00000020000000000000
 283		 24876	Not Found	0.00000020000000000000
 284		  2098	  1939	0.00000020000000000000
 285		 15841	Not Found	0.00000020000000000000
 286		  7357	  4595	0.00000010000000000000
 287		 16352	Not Found	0.00000010000000000000
 288		  6408	  4170	0.00000010000000000000
 289		   201	   171	0.00000020000000000000
 290		  2521	Not Found	0.00000020000000000000
 291		   258	Not Found	0.00000010000000000000
 292		 17322	Not Found	0.00000010000000000000
 293		 26719	Not Found	0.00000020000000000000
 294		  8470	Not Found	0.00000010000000000000
 295		 22493	Not Found	0.00000010000000000000
 296		 20596	Not Found	0.00000020000000000000
 297		  4317	Not Found	0.00000010000000000000
 298		  3656	Not Found	0.00000020000000000000
 299		 25217	 12842	0.00000010000000000000
 300		 10009	Not Found	0.00000010000000000000
 301		 24953	 12715	0.00000010000000000000
 302		   222	   190	0.00000020000000000000
 303		  6307	Not Found	0.00000010000000000000
 304		 19864	Not Found	0.00000020000000000000
 305		 24458	Not Found	0.00000010000000000000
 306		 17009	Not Found	0.00000010000000000000
 307		  3573	  2906	0.00000020000000000000
 308		 21356	 11086	0.00000010000000000000
 309		 15597	Not Found	0.00000010000000000000
 310		  1981	Not Found	0.00000010000000000000
 311		  2264	Not Found	0.00000020000000000000
 312		  2003	Not Found	0.00000020000000000000
 313		  9639	Not Found	0.00000020000000000000
 314		    79	    61	0.00000010000000000000
 315		 23840	Not Found	0.00000010000000000000
 316		 17266	Not Found	0.00000010000000000000
 317		  4299	  3220	0.00000020000000000000
 318		 24575	 12547	0.00000010000000000000
 319		 25623	Not Found	0.00000010000000000000
 320		  1847	Not Found	0.00000010000000000000
 321		  6303	Not Found	0.00000010000000000000
 322		 23472	Not Found	0.00000020000000000000
 323		 13764	  7623	0.00000020000000000000
 324		 15967	Not Found	0.00000020000000000000
 325		  7674	  4746	0.00000010000000000000
 326		  6422	Not Found	0.00000020000000000000
 327		  1901	  1751	0.00000010000000000000
 328		 21785	Not Found	0.00000020000000000000
 329		 15088	Not Found	0.00000020000000000000
 330		  4615	Not Found	0.00000020000000000000
 331		 21338	 11078	0.00000010000000000000
 332		 23114	Not Found	0.00000010000000000000
 333		 18609	Not Found	0.00000010000000000000
 334		  2053	  1894	0.00000010000000000000
 335		 11740	Not Found	0.00000020000000000000
 336		 18066	Not Found	0.00000010000000000000
 337		  1919	Not Found	0.00000010000000000000
 338		 15563	  8465	0.00000010000000000000
 339		 27534	Not Found	0.00000020000000000000
 340		  3759	  2971	0.00000020000000000000
 341		 24831	Not Found	0.00000020000000000000
 342		  6438	Not Found	0.00000010000000000000
 343		  1963	  1805	0.00000020000000000000
 344		  8433	Not Found	0.00000020000000000000
 345		 11266	  6399	0.00000020000000000000
 346		 13830	  7648	0.00000010000000000000
 347		  8896	Not Found	0.00000010000000000000
 348		 22253	 11488	0.00000010000000000000
 349		 15172	Not Found	0.00000020000000000000
 350		  1701	Not Found	0.00000020000000000000
 351		 24787	Not Found	0.00000010000000000000
 352		 12150	  6836	0.00000010000000000000
 353		 13732	Not Found	0.00000020000000000000
 354		 19463	 10235	0.00000010000000000000
 355		 20613	Not Found	0.00000010000000000000
 356		 25801	 13112	0.00000010000000000000
 357		  6326	  4135	0.00000010000000000000
 358		 26867	 13594	0.00000020000000000000
 359		 14756	Not Found	0.00000010000000000000
 360		 13064	Not Found	0.00000010000000000000
 361		 13669	  7574	0.00000010000000000000
 362		  4065	Not Found	0.00000010000000000000
 363		  5156	Not Found	0.00000020000000000000
 364		 25322	 12899	0.00000010000000000000
 365		 24541	Not Found	0.00000010000000000000
 366		  1076	   989	0.00000010000000000000
 367		 22302	Not Found	0.00000020000000000000
 368		 27824	 14015	0.00000010000000000000
 369		 22184	Not Found	0.00000010000000000000
 370		 13290	Not Found	0.00000010000000000000
 371		 14617	  7988	0.00000010000000000000
 372		 18267	Not Found	0.00000020000000000000
 373		  9494	Not Found	0.00000010000000000000
 374		  3217	Not Found	0.00000010000000000000
 375		 17801	Not Found	0.00000010000000000000
 376		 14364	  7889	0.00000010000000000000
 377		  1251	Not Found	0.00000030000000000000
 378		  1292	Not Found	0.00000020000000000000
 379		 27541	Not Found	0.00000010000000000000
 380		 13836	Not Found	0.00000020000000000000
 381		   788	Not Found	0.00000010000000000000
 382		 16103	  8720	0.00000020000000000000
 383		 27165	Not Found	0.00000010000000000000
 384		 13853	Not Found	0.00000010000000000000
 385		 27682	Not Found	0.00000010000000000000
 386		 13111	Not Found	0.00000020000000000000
 387		 15612	Not Found	0.00000020000000000000
 388		 29520	 14784	0.00000020000000000000
 389		 17242	Not Found	0.00000020000000000000
 390		 28757	 14431	0.00000010000000000000
 391		 28554	Not Found	0.00000020000000000000
 392		  1833	  1687	0.00000020000000000000
 393		 18820	  9939	0.00000020000000000000
 394		 19453	 10229	0.00000020000000000000
 395		   821	   752	0.00000020000000000000
 396		 26209	Not Found	0.00000020000000000000
 397		 22211	Not Found	0.00000010000000000000
 398		 23250	Not Found	0.00000010000000000000
 399		   626	   559	0.00000020000000000000
 400		  5594	Not Found	0.00000010000000000000
 401		  3004	  2658	0.00000010000000000000
 402		 27893	Not Found	0.00000010000000000000
 403		 18206	Not Found	0.00000010000000000000
 404		 11224	Not Found	0.00000010000000000000
 405		  7674	  4746	0.00000000000000000000
 406		 14549	Not Found	0.00000020000000000000
 407		 24042	Not Found	0.00000020000000000000
 408		 29037	Not Found	0.00000020000000000000
 409		 17297	Not Found	0.00000010000000000000
 410		 10313	Not Found	0.00000020000000000000
 411		  9510	Not Found	0.00000010000000000000
 412		 14389	Not Found	0.00000010000000000000
 413		   514	   448	0.00000020000000000000
 414		  1708	  1570	0.00000010000000000000
 415		 10236	Not Found	0.00000020000000000000
 416		 14404	Not Found	0.00000010000000000000
 417		 25695	 13071	0.00000010000000000000
 418		 14439	  7914	0.00000010000000000000
 419		  9649	Not Found	0.00000010000000000000
 420		  2653	  2459	0.00000010000000000000
 421		 23728	Not Found	0.00000010000000000000
 422		  4838	Not Found	0.00000010000000000000
 423		  7720	  4771	0.00000010000000000000
 424		  4708	  3408	0.00000020000000000000
 425		 21652	Not Found	0.00000020000000000000
 426		 20100	 10519	0.00000010000000000000
 427		  1960	Not Found	0.00000010000000000000
 428		 28182	Not Found	0.00000010000000000000
 429		 12588	Not Found	0.00000010000000000000
 430		 16632	Not Found	0.00000020000000000000
 431		  4574	Not Found	0.00000020000000000000
 432		 15352	Not Found	0.00000020000000000000
 433		 20020	 10482	0.00000010000000000000
 434		 28948	Not Found	0.00000010000000000000
 435		  6694	Not Found	0.00000020000000000000
 436		 20109	Not Found	0.00000020000000000000
 437		 13427	  7457	0.00000010000000000000
 438		   923	   852	0.00000010000000000000
 439		 13574	Not Found	0.00000020000000000000
 440		  8140	Not Found	0.00000010000000000000
 441		  3926	  3040	0.00000020000000000000
 442		 27220	Not Found	0.00000020000000000000
 443		 28923	Not Found	0.00000010000000000000
 444		  6353	  4147	0.00000010000000000000
 445		  9688	  5661	0.00000010000000000000
 446		  2396	  2215	0.00000010000000000000
 447		 13945	Not Found	0.00000010000000000000
 448		   467	   403	0.00000020000000000000
 449		 23204	Not Found	0.00000010000000000000
 450		 18112	  9616	0.00000010000000000000
 451		 26925	 13609	0.00000020000000000000
 452		 11862	Not Found	0.00000020000000000000
 453		   590	   528	0.00000010000000000000
 454		 14411	Not Found	0.00000010000000000000
 455		 11909	  6704	0.00000020000000000000
 456		 14754	  8050	0.00000020000000000000
 457		 18399	  9751	0.00000010000000000000
 458		 25501	Not Found	0.00000020000000000000
 459		  2114	  1951	0.00000020000000000000
 460		 26483	Not Found	0.00000010000000000000
 461		 18143	  9632	0.00000010000000000000
 462		 17533	Not Found	0.00000020000000000000
 463		 23405	 12008	0.00000010000000000000
 464		  1986	Not Found	0.00000020000000000000
 465		 25688	Not Found	0.00000020000000000000
 466		  3441	Not Found	0.00000020000000000000
 467		 27320	Not Found	0.00000010000000000000
 468		  9700	Not Found	0.00000010000000000000
 469		  9545	Not Found	0.00000020000000000000
 470		 22155	 11454	0.00000010000000000000
 471		 11750	Not Found	0.00000010000000000000
 472		 14882	Not Found	0.00000010000000000000
 473		  9080	Not Found	0.00000020000000000000
 474		 11909	  6704	0.00000010000000000000
 475		  9373	Not Found	0.00000010000000000000
 476		   537	   475	0.00000020000000000000
 477		 12380	Not Found	0.00000010000000000000
 478		 16913	  9069	0.00000020000000000000
 479		  9627	Not Found	0.00000010000000000000
 480		   690	   628	0.00000010000000000000
 481		  7993	Not Found	0.00000010000000000000
 482		  3434	  2852	0.00000010000000000000
 483		  6647	  4274	0.00000010000000000000
 484		 18341	  9726	0.00000010000000000000
 485		  1373	  1273	0.00000010000000000000
 486		 19503	 10255	0.00000010000000000000
 487		  2169	Not Found	0.00000020000000000000
 488		  1481	  1358	0.00000010000000000000
 489		 10411	Not Found	0.00000020000000000000
 490		  7025	Not Found	0.00000020000000000000
 491		 18765	  9917	0.00000010000000000000
 492		  9183	Not Found	0.00000010000000000000
 493		 17318	Not Found	0.00000010000000000000
 494		   523	Not Found	0.00000020000000000000
 495		 10532	  6055	0.00000010000000000000
 496		  6832	  4357	0.00000010000000000000
 497		 10352	Not Found	0.00000010000000000000
 498		 21297	 11052	0.00000020000000000000
 499		  9564	Not Found	0.00000010000000000000
 500		  3140	Not Found	0.00000020000000000000
 501		   323	   289	0.00000010000000000000
 502		  8012	  4892	0.00000010000000000000
 503		  8081	  4931	0.00000010000000000000
 504		 23381	Not Found	0.00000020000000000000
 505		 20288	Not Found	0.00000010000000000000
 506		  9989	Not Found	0.00000010000000000000
 507		 18835	Not Found	0.00000010000000000000
 508		 22275	 11495	0.00000010000000000000
 509		 14167	Not Found	0.00000010000000000000
 510		  1184	  1089	0.00000010000000000000
 511		  1082	   996	0.00000020000000000000
 512		 20170	Not Found	0.00000010000000000000
 513		  5734	  3871	0.00000010000000000000
 514		  2652	Not Found	0.00000010000000000000
 515		  2407	Not Found	0.00000010000000000000
 516		  8880	  5301	0.00000010000000000000
 517		  8357	  5061	0.00000010000000000000
 518		 15928	  8650	0.00000020000000000000
 519		 23709	Not Found	0.00000010000000000000
 520		  9155	  5412	0.00000010000000000000
 521		  4161	Not Found	0.00000020000000000000
 522		 18984	Not Found	0.00000010000000000000
 523		  3776	  2978	0.00000020000000000000
 524		 22722	Not Found	0.00000020000000000000
 525		 10055	  5833	0.00000010000000000000
 526		  6727	Not Found	0.00000010000000000000
 527		 14605	Not Found	0.00000020000000000000
 528		  1515	  1384	0.00000010000000000000
 529		  2244	Not Found	0.00000010000000000000
 530		  6015	  4001	0.00000010000000000000
 531		 27290	Not Found	0.00000010000000000000
 532		 16405	  8835	0.00000010000000000000
 533		 11563	  6535	0.00000020000000000000
 534		 20359	Not Found	0.00000010000000000000
 535		 21775	 11270	0.00000010000000000000
 536		 16975	Not Found	0.00000010000000000000
 537		   198	Not Found	0.00000020000000000000
 538		 18940	  9993	0.00000000000000000000
 539		  7525	Not Found	0.00000020000000000000
 540		  8041	Not Found	0.00000010000000000000
 541		  9360	Not Found	0.00000010000000000000
 542		 13236	Not Found	0.00000020000000000000
 543		 10734	  6153	0.00000020000000000000
 544		  7681	Not Found	0.00000020000000000000
 545		 14451	Not Found	0.00000010000000000000
 546		 21583	Not Found	0.00000010000000000000
 547		  4502	Not Found	0.00000020000000000000
 548		 28641	 14371	0.00000020000000000000
 549		   861	Not Found	0.00000010000000000000
 550		   526	   463	0.00000010000000000000
 551		  4200	  3175	0.00000010000000000000
 552		 25718	Not Found	0.00000010000000000000
 553		 11241	  6391	0.00000010000000000000
 554		  2025	  1866	0.00000020000000000000
 555		  9556	  5604	0.00000010000000000000
 556		  8069	Not Found	0.00000010000000000000
 557		 17803	  9473	0.00000020000000000000
 558		 12763	Not Found	0.00000020000000000000
 559		 15663	Not Found	0.00000020000000000000
 560		 10265	Not Found	0.00000020000000000000
 561		  1948	  1790	0.00000020000000000000
 562		 29569	Not Found	0.00000020000000000000
 563		  3835	  3005	0.00000010000000000000
 564		 25536	Not Found	0.00000020000000000000
 565		 25031	Not Found	0.00000010000000000000
 566		 23779	 12195	0.00000010000000000000
 567		  3433	  2851	0.00000010000000000000
 568		 20982	Not Found	0.00000020000000000000
 569		  3810	  2992	0.00000010000000000000
 570		 20882	 10867	0.00000010000000000000
 571		  4508	Not Found	0.00000010000000000000
 572		  7138	Not Found	0.00000020000000000000
 573		 13777	Not Found	0.00000010000000000000
 574		 13811	  7639	0.00000010000000000000
 575		  9008	Not Found	0.00000010000000000000
 576		 19520	Not Found	0.00000020000000000000
 577		  4519	Not Found	0.00000010000000000000
 578		  1754	Not Found	0.00000020000000000000
 579		   379	Not Found	0.00000020000000000000
 580		 17311	Not Found	0.00000010000000000000
 581		 25871	Not Found	0.00000010000000000000
 582		  3930	Not Found	0.00000010000000000000
 583		 21010	Not Found	0.00000010000000000000
 584		 15564	  8466	0.00000020000000000000
 585		 15595	Not Found	0.00000020000000000000
 586		 12508	  7017	0.00000010000000000000
 587		  6287	  4112	0.00000010000000000000
 588		    94	    76	0.00000010000000000000
 589		 17978	  9561	0.00000010000000000000
 590		 29039	 14555	0.00000010000000000000
 591		 23442	 12030	0.00000020000000000000
 592		 20371	Not Found	0.00000010000000000000
 593		 15167	Not Found	0.00000010000000000000
 594		 17503	Not Found	0.00000010000000000000
 595		  6918	Not Found	0.00000010000000000000
 596		  2171	  2011	0.00000010000000000000
 597		 11232	Not Found	0.00000020000000000000
 598		 16649	Not Found	0.00000020000000000000
 599		  1654	  1521	0.00000020000000000000
 600		  4404	Not Found	0.00000020000000000000
 601		  9548	Not Found	0.00000010000000000000
 602		 15341	Not Found	0.00000020000000000000
 603		 19391	 10205	0.00000010000000000000
 604		  1701	Not Found	0.00000010000000000000
 605		  1968	Not Found	0.00000010000000000000
 606		   213	Not Found	0.00000010000000000000
 607		 17719	Not Found	0.00000020000000000000
 608		 22896	Not Found	0.00000010000000000000
 609		 16972	  9092	0.00000010000000000000
 610		 22102	Not Found	0.00000010000000000000
 611		 12494	Not Found	0.00000010000000000000
 612		  5713	Not Found	0.00000010000000000000
 613		  7409	Not Found	0.00000010000000000000
 614		 25028	 12754	0.00000020000000000000
 615		 20132	Not Found	0.00000010000000000000
 616		 17836	Not Found	0.00000010000000000000
 617		  6286	Not Found	0.00000010000000000000
 618		 25898	Not Found	0.00000020000000000000
 619		 10236	Not Found	0.00000020000000000000
 620		 15430	  8399	0.00000010000000000000
 621		  9500	Not Found	0.00000020000000000000
 622		  1450	Not Found	0.00000010000000000000
 623		 11839	  6667	0.00000010000000000000
 624		 17266	Not Found	0.00000010000000000000
 625		 19958	Not Found	0.00000010000000000000
 626		 11074	  6311	0.00000010000000000000
 627		 19268	Not Found	0.00000020000000000000
 628		   783	Not Found	0.00000020000000000000
 629		 27709	Not Found	0.00000020000000000000
 630		  1136	  1038	0.00000010000000000000
 631		 18126	  9625	0.00000010000000000000
 632		 10992	  6273	0.00000010000000000000
 633		 22651	 11663	0.00000010000000000000
 634		 19256	 10139	0.00000010000000000000
 635		  9558	  5607	0.00000010000000000000
 636		 21164	Not Found	0.00000010000000000000
 637		 24454	Not Found	0.00000020000000000000
 638		 25235	 12853	0.00000020000000000000
 639		 25611	Not Found	0.00000010000000000000
 640		 26999	Not Found	0.00000010000000000000
 641		  2424	  2243	0.00000020000000000000
 642		 17898	  9514	0.00000010000000000000
 643		 13848	Not Found	0.00000020000000000000
 644		 17505	  9347	0.00000010000000000000
 645		 11004	Not Found	0.00000010000000000000
 646		   963	   894	0.00000010000000000000
 647		 10021	Not Found	0.00000010000000000000
 648		 15357	  8364	0.00000010000000000000
 649		 10267	Not Found	0.00000020000000000000
 650		  2299	  2124	0.00000020000000000000
 651		 18208	Not Found	0.00000010000000000000
 652		 14613	Not Found	0.00000010000000000000
 653		 12792	Not Found	0.00000020000000000000
 654		  7989	  4882	0.00000010000000000000
 655		 17213	Not Found	0.00000020000000000000
 656		  1132	  1035	0.00000020000000000000
 657		  2265	Not Found	0.00000010000000000000
 658		  3410	Not Found	0.00000010000000000000
 659		  4155	  3157	0.00000010000000000000
 660		  8676	  5213	0.00000000000000000000
 661		 22440	 11566	0.00000010000000000000
 662		  2129	Not Found	0.00000010000000000000
 663		  2538	  2354	0.00000010000000000000
 664		 28178	 14179	0.00000010000000000000
 665		 23480	Not Found	0.00000010000000000000
 666		  1433	Not Found	0.00000020000000000000
 667		 11242	Not Found	0.00000010000000000000
 668		  6094	Not Found	0.00000010000000000000
 669		  6027	Not Found	0.00000010000000000000
 670		 28229	Not Found	0.00000020000000000000
 671		 18357	  9733	0.00000010000000000000
 672		 17471	Not Found	0.00000020000000000000
 673		  3843	Not Found	0.00000010000000000000
 674		  7359	Not Found	0.00000010000000000000
 675		 23519	 12060	0.00000010000000000000
 676		  3638	Not Found	0.00000010000000000000
 677		 28152	 14168	0.00000020000000000000
 678		 22672	Not Found	0.00000010000000000000
 679		 28829	Not Found	0.00000010000000000000
 680		   169	Not Found	0.00000020000000000000
 681		 26842	Not Found	0.00000010000000000000
 682		 17526	Not Found	0.00000020000000000000
 683		  7557	Not Found	0.00000010000000000000
 684		  5476	  3759	0.00000020000000000000
 685		  4248	Not Found	0.00000020000000000000
 686		 29367	 14707	0.00000020000000000000
 687		  7316	Not Found	0.00000010000000000000
 688		  3067	  2687	0.00000010000000000000
 689		  7616	  4721	0.00000020000000000000
 690		  5046	Not Found	0.00000010000000000000
 691		  3701	Not Found	0.00000010000000000000
 692		 11523	Not Found	0.00000010000000000000
 693		   439	Not Found	0.00000010000000000000
 694		 29380	Not Found	0.00000010000000000000
 695		 21504	Not Found	0.00000010000000000000
 696		 19841	Not Found	0.00000010000000000000
 697		   283	   250	0.00000000000000000000
 698		 13624	  7545	0.00000010000000000000
 699		  8450	Not Found	0.00000020000000000000
 700		  9891	Not Found	0.00000020000000000000
 701		 12983	Not Found	0.00000010000000000000
 702		  4034	  3095	0.00000020000000000000
 703		 11324	Not Found	0.00000010000000000000
 704		 21934	 11349	0.00000010000000000000
 705		 20391	Not Found	0.00000010000000000000
 706		 26108	Not Found	0.00000020000000000000
 707		  8366	Not Found	0.00000020000000000000
 708		  6200	Not Found	0.00000010000000000000
 709		  6317	  4129	0.00000010000000000000
 710		  2114	  1951	0.00000010000000000000
 711		 13333	Not Found	0.00000020000000000000
 712		  6295	Not Found	0.00000010000000000000
 713		 27667	Not Found	0.00000020000000000000
 714		   964	Not Found	0.00000010000000000000
 715		  1714	Not Found	0.00000010000000000000
 716		 24217	Not Found	0.00000010000000000000
 717		 14530	Not Found	0.00000010000000000000
 718		 14553	  7955	0.00000010000000000000
 719		 12365	  6955	0.00000020000000000000
 720		 14454	Not Found	0.00000020000000000000
 721		  4962	  3528	0.00000010000000000000
 722		 11159	  6356	0.00000010000000000000
 723		  7802	Not Found	0.00000020000000000000
 724		 12290	Not Found	0.00000020000000000000
 725		  9923	  5765	0.00000020000000000000
 726		 17056	  9135	0.00000020000000000000
 727		 10267	Not Found	0.00000010000000000000
 728		 24615	Not Found	0.00000010000000000000
 729		   892	   817	0.00000020000000000000
 730		 26686	Not Found	0.00000020000000000000
 731		  1270	Not Found	0.00000010000000000000
 732		 16019	  8679	0.00000020000000000000
 733		  4818	  3454	0.00000010000000000000
 734		 16819	  9020	0.00000020000000000000
 735		 16808	  9018	0.00000020000000000000
 736		 11694	Not Found	0.00000020000000000000
 737		 12507	  7016	0.00000010000000000000
 738		 28874	Not Found	0.00000020000000000000
 739		 14090	Not Found	0.00000010000000000000
 740		 27343	Not Found	0.00000010000000000000
 741		 12771	Not Found	0.00000010000000000000
 742		  5042	  3572	0.00000010000000000000
 743		 28307	Not Found	0.00000010000000000000
 744		 11439	Not Found	0.00000010000000000000
 745		 22286	Not Found	0.00000020000000000000
 746		   476	Not Found	0.00000010000000000000
 747		  4655	Not Found	0.00000010000000000000
 748		  1566	  1433	0.00000010000000000000
 749		   271	Not Found	0.00000020000000000000
 750		 11843	Not Found	0.00000010000000000000
 751		 26735	Not Found	0.00000010000000000000
 752		 24820	Not Found	0.00000010000000000000
 753		 22841	Not Found	0.00000020000000000000
 754		  1564	  1430	0.00000010000000000000
 755		 19664	Not Found	0.00000020000000000000
 756		  9547	  5600	0.00000010000000000000
 757		  6148	  4058	0.00000020000000000000
 758		  1422	Not Found	0.00000020000000000000
 759		  2064	Not Found	0.00000020000000000000
 760		 24811	Not Found	0.00000010000000000000
 761		 29331	Not Found	0.00000020000000000000
 762		 28883	Not Found	0.00000010000000000000
 763		 24798	 12651	0.00000010000000000000
 764		   774	Not Found	0.00000010000000000000
 765		 28067	Not Found	0.00000020000000000000
 766		   703	   642	0.00000010000000000000
 767		 11266	  6399	0.00000010000000000000
 768		    38	Not Found	0.00000010000000000000
 769		 14054	  7738	0.00000020000000000000
 770		 20561	Not Found	0.00000010000000000000
 771		  1405	Not Found	0.00000010000000000000
 772		 29283	 14669	0.00000010000000000000
 773		  5217	Not Found	0.00000010000000000000
 774		  2696	  2495	0.00000010000000000000
 775		  4386	Not Found	0.00000010000000000000
 776		  2521	Not Found	0.00000020000000000000
 777		 25362	Not Found	0.00000010000000000000
 778		  4727	  3418	0.00000010000000000000
 779		   901	   832	0.00000010000000000000
 780		 24921	Not Found	0.00000010000000000000
 781		 26839	Not Found	0.00000020000000000000
 782		  5020	Not Found	0.00000020000000000000
 783		  8962	Not Found	0.00000020000000000000
 784		  2911	Not Found	0.00000020000000000000
 785		  2139	  1971	0.00000010000000000000
 786		  6254	  4098	0.00000010000000000000
 787		 23041	Not Found	0.00000010000000000000
 788		 27460	Not Found	0.00000020000000000000
 789		 20338	Not Found	0.00000020000000000000
 790		 19765	Not Found	0.00000020000000000000
 791		 15993	Not Found	0.00000020000000000000
 792		 11957	Not Found	0.00000020000000000000
 793		 18135	Not Found	0.00000020000000000000
 794		 25886	Not Found	0.00000010000000000000
 795		 12979	Not Found	0.00000020000000000000
 796		  1588	Not Found	0.00000030000000000000
 797		 19699	Not Found	0.00000010000000000000
 798		 21903	Not Found	0.00000010000000000000
 799		   849	   772	0.00000010000000000000
 800		  9469	Not Found	0.00000020000000000000
 801		  1249	  1153	0.00000010000000000000
 802		 23480	Not Found	0.00000010000000000000
 803		  9870	Not Found	0.00000010000000000000
 804		  2604	Not Found	0.00000010000000000000
 805		 28400	 14268	0.00000020000000000000
 806		   107	Not Found	0.00000010000000000000
 807		   199	Not Found	0.00000020000000000000
 808		  8445	Not Found	0.00000010000000000000
 809		 23913	Not Found	0.00000010000000000000
 810		  3629	Not Found	0.00000010000000000000
 811		 21051	Not Found	0.00000020000000000000
 812		 10676	  6120	0.00000010000000000000
 813		  1105	  1012	0.00000020000000000000
 814		 11661	Not Found	0.00000010000000000000
 815		 12815	Not Found	0.00000020000000000000
 816		 24990	Not Found	0.00000010000000000000
 817		  8865	  5291	0.00000010000000000000
 818		  7092	Not Found	0.00000020000000000000
 819		 14997	Not Found	0.00000020000000000000
 820		 17495	  9345	0.00000020000000000000
 821		  9684	Not Found	0.00000010000000000000
 822		 12094	Not Found	0.00000020000000000000
 823		 19149	Not Found	0.00000020000000000000
 824		 19565	 10278	0.00000020000000000000
 825		  6033	Not Found	0.00000010000000000000
 826		  8008	Not Found	0.00000010000000000000
 827		   300	   267	0.00000010000000000000
 828		  4885	Not Found	0.00000020000000000000
 829		  3722	Not Found	0.00000010000000000000
 830		 16586	Not Found	0.00000010000000000000
 831		 21405	Not Found	0.00000020000000000000
 832		  6173	Not Found	0.00000010000000000000
 833		  9892	  5751	0.00000010000000000000
 834		 11816	Not Found	0.00000010000000000000
 835		 26822	Not Found	0.00000010000000000000
 836		 17954	Not Found	0.00000020000000000000
 837		 17496	Not Found	0.00000010000000000000
 838		  3331	Not Found	0.00000010000000000000
 839		  5772	Not Found	0.00000010000000000000
 840		  1795	Not Found	0.00000030000000000000
 841		 10073	Not Found	0.00000020000000000000
 842		 26197	Not Found	0.00000010000000000000
 843		 10713	Not Found	0.00000020000000000000
 844		  1893	  1741	0.00000020000000000000
 845		  4215	  3179	0.00000020000000000000
 846		 17597	Not Found	0.00000020000000000000
 847		 23452	 12039	0.00000010000000000000
 848		 12697	Not Found	0.00000010000000000000
 849		  2451	  2263	0.00000010000000000000
 850		  3351	Not Found	0.00000010000000000000
 851		  5906	Not Found	0.00000010000000000000
 852		 22251	Not Found	0.00000010000000000000
 853		 18420	  9756	0.00000020000000000000
 854		 17744	Not Found	0.00000020000000000000
 855		    21	Not Found	0.00000020000000000000
 856		 24828	 12665	0.00000010000000000000
 857		  4105	Not Found	0.00000010000000000000
 858		 15736	Not Found	0.00000010000000000000
 859		  4562	Not Found	0.00000010000000000000
 860		  6529	Not Found	0.00000020000000000000
 861		 25648	Not Found	0.00000010000000000000
 862		 20249	 10578	0.00000010000000000000
 863		  7406	  4618	0.00000020000000000000
 864		  1085	   998	0.00000010000000000000
 865		  1975	  1812	0.00000010000000000000
 866		  9928	Not Found	0.00000020000000000000
 867		 20139	Not Found	0.00000020000000000000
 868		 24349	 12430	0.00000020000000000000
 869		 27489	 13848	0.00000020000000000000
 870		 19449	Not Found	0.00000010000000000000
 871		  8056	  4916	0.00000010000000000000
 872		 29907	 14969	0.00000010000000000000
 873		 13867	Not Found	0.00000020000000000000
 874		 23320	 11964	0.00000010000000000000
 875		 27111	Not Found	0.00000020000000000000
 876		 23398	Not Found	0.00000010000000000000
 877		 10511	Not Found	0.00000010000000000000
 878		  9685	  5660	0.00000010000000000000
 879		 22964	Not Found	0.00000010000000000000
 880		 27960	Not Found	0.00000020000000000000
 881		 23609	Not Found	0.00000020000000000000
 882		 11711	  6593	0.00000010000000000000
 883		 19458	Not Found	0.00000020000000000000
 884		 11623	  6558	0.00000010000000000000
 885		 13976	  7709	0.00000010000000000000
 886		 11540	  6524	0.00000010000000000000
 887		  1255	  1157	0.00000020000000000000
 888		 14152	  7783	0.00000010000000000000
 889		 28551	Not Found	0.00000020000000000000
 890		  8663	Not Found	0.00000010000000000000
 891		 24107	 12329	0.00000020000000000000
 892		 16913	  9069	0.00000020000000000000
 893		 21421	Not Found	0.00000020000000000000
 894		  3876	Not Found	0.00000010000000000000
 895		 21325	Not Found	0.00000020000000000000
 896		  3285	Not Found	0.00000020000000000000
 897		 20769	Not Found	0.00000020000000000000
 898		 26817	Not Found	0.00000020000000000000
 899		  3783	Not Found	0.00000010000000000000
 900		 18102	Not Found	0.00000010000000000000
 901		  3794	Not Found	0.00000020000000000000
 902		 23797	Not Found	0.00000010000000000000
 903		 23699	Not Found	0.00000010000000000000
 904		 18262	  9685	0.00000010000000000000
 905		  4903	Not Found	0.00000010000000000000
 906		 28829	Not Found	0.00000010000000000000
 907		  9710	Not Found	0.00000010000000000000
 908		 11150	  6347	0.00000010000000000000
 909		 15842	Not Found	0.00000020000000000000
 910		  8572	Not Found	0.00000010000000000000
 911		 23132	Not Found	0.00000020000000000000
 912		 10851	Not Found	0.00000010000000000000
 913		  6474	  4197	0.00000020000000000000
 914		   723	   671	0.00000010000000000000
 915		 27116	Not Found	0.00000010000000000000
 916		 13877	  7667	0.00000020000000000000
 917		 18057	Not Found	0.00000010000000000000
 918		  2097	  1937	0.00000010000000000000
 919		 13501	Not Found	0.00000010000000000000
 920		 15930	Not Found	0.00000020000000000000
 921		  2387	  2210	0.00000010000000000000
 922		 29325	Not Found	0.00000010000000000000
 923		  5057	Not Found	0.00000020000000000000
 924		  9259	Not Found	0.00000010000000000000
 925		 14024	Not Found	0.00000010000000000000
 926		  5010	Not Found	0.00000020000000000000
 927		 24257	 12393	0.00000010000000000000
 928		 14909	Not Found	0.00000020000000000000
 929		  2972	Not Found	0.00000020000000000000
 930		 23354	 11981	0.00000020000000000000
 931		  5026	Not Found	0.00000010000000000000
 932		 23891	 12242	0.00000010000000000000
 933		 11637	Not Found	0.00000020000000000000
 934		 25502	Not Found	0.00000010000000000000
 935		   742	Not Found	0.00000010000000000000
 936		  2626	Not Found	0.00000030000000000000
 937		 23444	 12031	0.00000010000000000000
 938		 28429	Not Found	0.00000010000000000000
 939		  9590	  5617	0.00000020000000000000
 940		 13941	  7695	0.00000010000000000000
 941		  4792	Not Found	0.00000020000000000000
 942		  3163	Not Found	0.00000010000000000000
 943		  2670	  2475	0.00000020000000000000
 944		  8962	Not Found	0.00000010000000000000
 945		 10303	Not Found	0.00000010000000000000
 946		 21883	Not Found	0.00000020000000000000
 947		 13657	Not Found	0.00000020000000000000
 948		 17340	  9268	0.00000020000000000000
 949		  8335	Not Found	0.00000020000000000000
 950		  1824	  1676	0.00000020000000000000
 951		 13263	Not Found	0.00000010000000000000
 952		  2234	  2067	0.00000020000000000000
 953		 17588	Not Found	0.00000020000000000000
 954		  6593	Not Found	0.00000020000000000000
 955		  5148	  3618	0.00000020000000000000
 956		 15161	Not Found	0.00000020000000000000
 957		 15178	Not Found	0.00000010000000000000
 958		 29452	 14750	0.00000010000000000000
 959		  6995	Not Found	0.00000010000000000000
 960		  3469	Not Found	0.00000020000000000000
 961		 10398	Not Found	0.00000010000000000000
 962		 10588	  6082	0.00000010000000000000
 963		  1682	  1551	0.00000020000000000000
 964		 26462	Not Found	0.00000020000000000000
 965		  6672	  4291	0.00000020000000000000
 966		  1949	  1791	0.00000010000000000000
 967		 15224	  8301	0.00000010000000000000
 968		 16912	Not Found	0.00000010000000000000
 969		 16572	  8911	0.00000010000000000000
 970		 25231	Not Found	0.00000020000000000000
 971		 25605	Not Found	0.00000010000000000000
 972		 10627	Not Found	0.00000010000000000000
 973		 16217	Not Found	0.00000010000000000000
 974		 16153	  8741	0.00000010000000000000
 975		 24449	Not Found	0.00000010000000000000
 976		 13565	Not Found	0.00000020000000000000
 977		  3936	  3046	0.00000020000000000000
 978		 13025	Not Found	0.00000010000000000000
 979		  9936	Not Found	0.00000010000000000000
 980		  3172	Not Found	0.00000010000000000000
 981		 16753	Not Found	0.00000020000000000000
 982		 13081	Not Found	0.00000010000000000000
 983		  9507	Not Found	0.00000020000000000000
 984		 19889	Not Found	0.00000010000000000000
 985		  7412	  4621	0.00000020000000000000
 986		 17820	Not Found	0.00000020000000000000
 987		 29890	Not Found	0.00000010000000000000
 988		 26273	 13322	0.00000010000000000000
 989		 25340	Not Found	0.00000020000000000000
 990		 18489	Not Found	0.00000010000000000000
 991		 22794	 11724	0.00000010000000000000
 992		 13997	Not Found	0.00000010000000000000
 993		 14448	Not Found	0.00000000000000000000
 994		 16974	Not Found	0.00000020000000000000
 995		  6577	Not Found	0.00000020000000000000
 996		  3389	Not Found	0.00000010000000000000
 997		  1596	Not Found	0.00000020000000000000
 998		 29849	Not Found	0.00000020000000000000
 999		  9042	Not Found	0.00000020000000000000
1000		 22553	Not Found	0.00000010000000000000
