BINARY SEARCH ANALYSIS
Array Size = 7000
-------------------------------------------
Iteration	Key	Index	Time (sec)
-------------------------------------------
   1		 13017	Not Found	0.00000030000000000000
   2		 11338	Not Found	0.00000020000000000000
   3		 10269	  5412	0.00000020000000000000
   4		  1921	  1226	0.00000010000000000000
   5		  9168	Not Found	0.00000020000000000000
   6		  5509	Not Found	0.00000010000000000000
   7		  5022	Not Found	0.00000010000000000000
   8		  1851	  1176	0.00000010000000000000
   9		 10093	Not Found	0.00000020000000000000
  10		   746	Not Found	0.00000020000000000000
  11		 11095	Not Found	0.00000010000000000000
  12		 10624	Not Found	0.00000020000000000000
  13		  8042	Not Found	0.00000020000000000000
  14		  5277	  3238	0.00000010000000000000
  15		  2675	Not Found	0.00000020000000000000
  16		 13170	Not Found	0.00000020000000000000
  17		  1986	  1271	0.00000010000000000000
  18		  4218	  2658	0.00000020000000000000
  19		  7447	  4203	0.00000020000000000000
  20		 12160	Not Found	0.00000030000000000000
  21		  3734	Not Found	0.00000020000000000000
  22		   113	    80	0.00000010000000000000
  23		   712	   462	0.00000010000000000000
  24		  5741	Not Found	0.00000020000000000000
  25		  1856	Not Found	0.00000020000000000000
  26		 12036	Not Found	0.00000010000000000000
  27		  6558	  3791	0.00000020000000000000
  28		  4128	Not Found	0.00000010000000000000
  29		    39	    34	0.00000010000000000000
  30		   734	   476	0.00000010000000000000
  31		  9352	Not Found	0.00000020000000000000
  32		  1981	  1269	0.00000010000000000000
  33		  1858	  1181	0.00000010000000000000
  34		  8598	Not Found	0.00000020000000000000
  35		  9104	Not Found	0.00000010000000000000
  36		 11188	Not Found	0.00000020000000000000
  37		  8576	  4689	0.00000010000000000000
  38		  7443	  4202	0.00000010000000000000
  39		  5360	  3272	0.00000010000000000000
  40		 10520	  5532	0.00000020000000000000
  41		  2983	  1916	0.00000020000000000000
  42		  4435	Not Found	0.00000020000000000000
  43		 11461	Not Found	0.00000010000000000000
  44		  1395	Not Found	0.00000020000000000000
  45		  3964	  2512	0.00000020000000000000
  46		  1287	Not Found	0.00000010000000000000
  47		  7698	Not Found	0.00000010000000000000
  48		  7128	  4063	0.00000010000000000000
  49		   451	   302	0.00000010000000000000
  50		 11249	Not Found	0.00000010000000000000
  51		  1656	  1075	0.00000010000000000000
  52		  3241	Not Found	0.00000030000000000000
  53		  7910	Not Found	0.00000010000000000000
  54		  5441	Not Found	0.00000010000000000000
  55		 11333	  5884	0.00000010000000000000
  56		 10026	  5312	0.00000010000000000000
  57		  7435	  4199	0.00000010000000000000
  58		 11516	Not Found	0.00000020000000000000
  59		 12123	Not Found	0.00000010000000000000
  60		 11717	Not Found	0.00000010000000000000
  61		  7329	  4151	0.00000020000000000000
  62		  5935	Not Found	0.00000010000000000000
  63		  5539	  3351	0.00000010000000000000
  64		  3776	Not Found	0.00000010000000000000
  65		  1580	  1023	0.00000010000000000000
  66		  2786	Not Found	0.00000010000000000000
  67		  1697	  1096	0.00000010000000000000
  68		 10172	  5378	0.00000020000000000000
  69		  3714	Not Found	0.00000020000000000000
  70		 11392	Not Found	0.00000010000000000000
  71		  9130	Not Found	0.00000020000000000000
  72		  7871	  4384	0.00000020000000000000
  73		  8756	Not Found	0.00000020000000000000
  74		  3781	  2391	0.00000010000000000000
  75		  5939	  3519	0.00000000000000000000
  76		 11173	Not Found	0.00000020000000000000
  77		 13601	Not Found	0.00000010000000000000
  78		  5177	Not Found	0.00000020000000000000
  79		  4027	Not Found	0.00000010000000000000
  80		 10034	Not Found	0.00000020000000000000
  81		  1159	   756	0.00000010000000000000
  82		  7981	  4436	0.00000010000000000000
  83		  3788	  2396	0.00000010000000000000
  84		  2555	Not Found	0.00000010000000000000
  85		  5819	  3463	0.00000010000000000000
  86		  4403	  2788	0.00000010000000000000
  87		  1310	Not Found	0.00000020000000000000
  88		  9621	  5143	0.00000010000000000000
  89		  3563	  2264	0.00000020000000000000
  90		  2979	  1911	0.00000010000000000000
  91		  5469	Not Found	0.00000020000000000000
  92		  9870	Not Found	0.00000020000000000000
  93		  3075	Not Found	0.00000020000000000000
  94		 10427	Not Found	0.00000020000000000000
  95		 11276	Not Found	0.00000010000000000000
  96		 10043	Not Found	0.00000020000000000000
  97		  9149	Not Found	0.00000010000000000000
  98		  7335	Not Found	0.00000020000000000000
  99		  3017	  1944	0.00000010000000000000
 100		     2	     0	0.00000020000000000000
 101		  3852	  2445	0.00000010000000000000
 102		 11122	Not Found	0.00000010000000000000
 103		  1219	Not Found	0.00000010000000000000
 104		 10505	  5527	0.00000010000000000000
 105		   410	Not Found	0.00000010000000000000
 106		  8747	  4763	0.00000010000000000000
 107		  9769	  5196	0.00000020000000000000
 108		  2430	  1553	0.00000010000000000000
 109		  3424	Not Found	0.00000010000000000000
 110		    27	Not Found	0.00000010000000000000
 111		  4149	  2614	0.00000010000000000000
 112		  1544	Not Found	0.00000020000000000000
 113		  8103	Not Found	0.00000010000000000000
 114		   165	   108	0.00000010000000000000
 115		    10	Not Found	0.00000010000000000000
 116		  7342	Not Found	0.00000020000000000000
 117		  3485	Not Found	0.00000020000000000000
 118		   511	   335	0.00000010000000000000
 119		   458	Not Found	0.00000020000000000000
 120		 11431	Not Found	0.00000010000000000000
 121		   650	Not Found	0.00000020000000000000
 122		   625	Not Found	0.00000010000000000000
 123		  8490	Not Found	0.00000020000000000000
 124		 11393	Not Found	0.00000010000000000000
 125		  4115	Not Found	0.00000010000000000000
 126		  9420	Not Found	0.00000020000000000000
 127		  2665	Not Found	0.00000010000000000000
 128		  7430	  4195	0.00000010000000000000
 129		  7582	Not Found	0.00000020000000000000
 130		 10781	Not Found	0.00000020000000000000
 131		  3807	  2409	0.00000020000000000000
 132		  2636	  1685	0.00000010000000000000
 133		 12071	Not Found	0.00000030000000000000
 134		  6193	  3617	0.00000010000000000000
 135		   675	   435	0.00000010000000000000
 136		 11164	  5811	0.00000010000000000000
 137		  2531	  1623	0.00000010000000000000
 138		   235	   155	0.00000010000000000000
 139		  4736	  3012	0.00000020000000000000
 140		 10006	Not Found	0.00000020000000000000
 141		 12643	Not Found	0.00000020000000000000
 142		  7172	Not Found	0.00000010000000000000
 143		 13017	Not Found	0.00000010000000000000
 144		  2994	  1920	0.00000010000000000000
 145		  2395	  1523	0.00000010000000000000
 146		  6194	  3618	0.00000010000000000000
 147		  4106	Not Found	0.00000010000000000000
 148		  8282	  4554	0.00000010000000000000
 149		  5203	  3217	0.00000020000000000000
 150		  3068	  1970	0.00000010000000000000
 151		 12593	Not Found	0.00000010000000000000
 152		  8342	  4575	0.00000020000000000000
 153		  9758	Not Found	0.00000010000000000000
 154		  3293	Not Found	0.00000010000000000000
 155		  9628	Not Found	0.00000010000000000000
 156		  3160	Not Found	0.00000010000000000000
 157		  2026	Not Found	0.00000010000000000000
 158		  8375	  4592	0.00000010000000000000
 159		  3972	Not Found	0.00000020000000000000
 160		  5801	Not Found	0.00000020000000000000
 161		  8551	Not Found	0.00000300000000000000
 162		   603	Not Found	0.00000020000000000000
 163		  7819	  4366	0.00000010000000000000
 164		  4868	Not Found	0.00000020000000000000
 165		  5883	Not Found	0.00000010000000000000
 166		  6422	  3738	0.00000020000000000000
 167		  4707	  2995	0.00000010000000000000
 168		 12114	Not Found	0.00000010000000000000
 169		 12357	Not Found	0.00000020000000000000
 170		  9021	Not Found	0.00000010000000000000
 171		  9167	  4942	0.00000010000000000000
 172		  5573	Not Found	0.00000020000000000000
 173		 13200	Not Found	0.00000010000000000000
 174		  2204	  1413	0.00000010000000000000
 175		 13742	Not Found	0.00000020000000000000
 176		  3241	Not Found	0.00000020000000000000
 177		  2731	Not Found	0.00000020000000000000
 178		  5867	  3485	0.00000010000000000000
 179		 10404	  5470	0.00000020000000000000
 180		 11815	Not Found	0.00000010000000000000
 181		  8775	Not Found	0.00000020000000000000
 182		  3939	Not Found	0.00000010000000000000
 183		   619	Not Found	0.00000010000000000000
 184		  2460	  1568	0.00000010000000000000
 185		  4768	Not Found	0.00000020000000000000
 186		  3696	  2339	0.00000020000000000000
 187		  1099	Not Found	0.00000020000000000000
 188		  2105	  1361	0.00000010000000000000
 189		   351	   233	0.00000020000000000000
 190		  4551	  2899	0.00000020000000000000
 191		  8693	Not Found	0.00000020000000000000
 192		  9933	  5270	0.00000010000000000000
 193		  5311	Not Found	0.00000010000000000000
 194		  4921	  3097	0.00000010000000000000
 195		 13958	Not Found	0.00000020000000000000
 196		  5088	  3165	0.00000010000000000000
 197		 12607	  6422	0.00000010000000000000
 198		  8648	Not Found	0.00000010000000000000
 199		 12522	Not Found	0.00000020000000000000
 200		  1297	   836	0.00000020000000000000
 201		  3944	Not Found	0.00000010000000000000
 202		  8522	Not Found	0.00000020000000000000
 203		  3471	Not Found	0.00000020000000000000
 204		  4867	  3071	0.00000020000000000000
 205		  7776	Not Found	0.00000020000000000000
 206		  8508	Not Found	0.00000000000000000000
 207		   364	Not Found	0.00000020000000000000
 208		  9283	Not Found	0.00000010000000000000
 209		   462	Not Found	0.00000020000000000000
 210		   857	   561	0.00000020000000000000
 211		 12545	Not Found	0.00000010000000000000
 212		 12749	  6487	0.00000010000000000000
 213		  9967	Not Found	0.00000010000000000000
 214		  4939	Not Found	0.00000010000000000000
 215		  8672	Not Found	0.00000010000000000000
 216		  9567	Not Found	0.00000010000000000000
 217		  2215	Not Found	0.00000010000000000000
 218		  2721	Not Found	0.00000010000000000000
 219		  2733	Not Found	0.00000020000000000000
 220		 13534	  6811	0.00000010000000000000
 221		  5676	Not Found	0.00000010000000000000
 222		  9922	Not Found	0.00000010000000000000
 223		  6947	  3980	0.00000010000000000000
 224		  1352	Not Found	0.00000010000000000000
 225		  1008	Not Found	0.00000010000000000000
 226		  8496	  4657	0.00000010000000000000
 227		  5831	  3468	0.00000010000000000000
 228		 13290	Not Found	0.00000020000000000000
 229		  1229	   796	0.00000010000000000000
 230		 10736	Not Found	0.00000020000000000000
 231		 10416	  5475	0.00000010000000000000
 232		  3875	Not Found	0.00000010000000000000
 233		  3542	  2252	0.00000020000000000000
 234		 13098	Not Found	0.00000020000000000000
 235		  4599	Not Found	0.00000010000000000000
 236		  7224	  4105	0.00000010000000000000
 237		  6555	Not Found	0.00000010000000000000
 238		  8492	  4655	0.00000010000000000000
 239		  6155	Not Found	0.00000020000000000000
 240		   409	   275	0.00000010000000000000
 241		  1293	   834	0.00000010000000000000
 242		 10244	Not Found	0.00000020000000000000
 243		  3176	Not Found	0.00000020000000000000
 244		 12724	  6472	0.00000010000000000000
 245		 12051	Not Found	0.00000010000000000000
 246		 13981	Not Found	0.00000020000000000000
 247		  7817	  4364	0.00000020000000000000
 248		 12969	  6573	0.00000010000000000000
 249		   221	   144	0.00000010000000000000
 250		 13897	  6964	0.00000020000000000000
 251		  5372	  3279	0.00000010000000000000
 252		  2814	Not Found	0.00000010000000000000
 253		  3783	  2392	0.00000020000000000000
 254		   560	   370	0.00000010000000000000
 255		  9318	Not Found	0.00000010000000000000
 256		 12803	Not Found	0.00000020000000000000
 257		  8672	Not Found	0.00000010000000000000
 258		  3960	  2507	0.00000020000000000000
 259		  4198	  2650	0.00000010000000000000
 260		  3993	  2525	0.00000020000000000000
 261		  4539	  2885	0.00000010000000000000
 262		 11574	Not Found	0.00000010000000000000
 263		   686	   441	0.00000020000000000000
 264		 12222	Not Found	0.00000010000000000000
 265		  4677	  2977	0.00000020000000000000
 266		  7444	Not Found	0.00000020000000000000
 267		   815	Not Found	0.00000020000000000000
 268		  9580	Not Found	0.00000010000000000000
 269		  8457	Not Found	0.00000010000000000000
 270		 13587	Not Found	0.00000010000000000000
 271		   244	   160	0.00000020000000000000
 272		 11284	  5863	0.00000010000000000000
 273		  6513	Not Found	0.00000010000000000000
 274		   515	Not Found	0.00000010000000000000
 275		  7330	Not Found	0.00000010000000000000
 276		  6212	  3629	0.00000010000000000000
 277		  7037	Not Found	0.00000010000000000000
 278		  6929	  3972	0.00000020000000000000
 279		  3278	Not Found	0.00000010000000000000
 280		   113	    80	0.00000010000000000000
 281		  6792	  3908	0.00000010000000000000
 282		  7391	  4172	0.00000010000000000000
 283		  3935	  2492	0.00000020000000000000
 284		 12449	  6356	0.00000010000000000000
 285		  6729	Not Found	0.00000020000000000000
 286		    26	    19	0.00000020000000000000
 287		 13782	Not Found	0.00000020000000000000
 288		  1943	  1240	0.00000020000000000000
 289		  8920	  4839	0.00000020000000000000
 290		  1656	  1075	0.00000010000000000000
 291		   524	Not Found	0.00000010000000000000
 292		   852	   556	0.00000010000000000000
 293		  6530	  3780	0.00000010000000000000
 294		 11073	  5775	0.00000010000000000000
 295		  5787	Not Found	0.00000010000000000000
 296		  9164	Not Found	0.00000010000000000000
 297		  1535	Not Found	0.00000020000000000000
 298		  3201	  2034	0.00000010000000000000
 299		  7391	  4172	0.00000010000000000000
 300		 10936	Not Found	0.00000010000000000000
 301		  1137	Not Found	0.00000020000000000000
 302		 12714	Not Found	0.00000010000000000000
 303		   222	   145	0.00000010000000000000
 304		  6858	  3939	0.00000020000000000000
 305		 13600	Not Found	0.00000010000000000000
 306		 11566	  5990	0.00000010000000000000
 307		 11509	  5960	0.00000010000000000000
 308		 13286	  6716	0.00000010000000000000
 309		  8436	Not Found	0.00000010000000000000
 310		  2973	  1906	0.00000020000000000000
 311		  6741	Not Found	0.00000020000000000000
 312		   430	   288	0.00000010000000000000
 313		  7058	Not Found	0.00000010000000000000
 314		  3548	  2255	0.00000010000000000000
 315		  6351	Not Found	0.00000020000000000000
 316		  2702	  1728	0.00000010000000000000
 317		  5770	Not Found	0.00000020000000000000
 318		  4904	Not Found	0.00000010000000000000
 319		  1548	  1002	0.00000010000000000000
 320		  1178	Not Found	0.00000020000000000000
 321		  1488	   959	0.00000010000000000000
 322		 10265	Not Found	0.00000020000000000000
 323		  4656	Not Found	0.00000020000000000000
 324		 11125	Not Found	0.00000020000000000000
 325		  3466	Not Found	0.00000020000000000000
 326		 10170	Not Found	0.00000010000000000000
 327		  3103	Not Found	0.00000010000000000000
 328		   740	Not Found	0.00000010000000000000
 329		  2954	Not Found	0.00000020000000000000
 330		 10648	Not Found	0.00000010000000000000
 331		  1984	Not Found	0.00000010000000000000
 332		  7890	  4390	0.00000010000000000000
 333		 12525	Not Found	0.00000010000000000000
 334		 10121	  5359	0.00000010000000000000
 335		  6609	  3826	0.00000010000000000000
 336		  2997	  1923	0.00000010000000000000
 337		  1314	Not Found	0.00000010000000000000
 338		  2398	  1525	0.00000010000000000000
 339		  1835	Not Found	0.00000010000000000000
 340		    80	Not Found	0.00000020000000000000
 341		  4495	Not Found	0.00000020000000000000
 342		  3564	  2265	0.00000020000000000000
 343		  3288	Not Found	0.00000010000000000000
 344		  6106	Not Found	0.00000020000000000000
 345		   497	   330	0.00000010000000000000
 346		  2584	  1654	0.00000020000000000000
 347		  6163	  3610	0.00000010000000000000
 348		  6207	  3625	0.00000020000000000000
 349		 13970	Not Found	0.00000020000000000000
 350		 12801	Not Found	0.00000020000000000000
 351		  6447	Not Found	0.00000010000000000000
 352		  5366	Not Found	0.00000010000000000000
 353		  5232	Not Found	0.00000010000000000000
 354		  9411	  5058	0.00000010000000000000
 355		  2218	  1423	0.00000010000000000000
 356		  1827	Not Found	0.00000010000000000000
 357		  8347	Not Found	0.00000010000000000000
 358		 10824	Not Found	0.00000020000000000000
 359		 13410	Not Found	0.00000010000000000000
 360		 11742	Not Found	0.00000010000000000000
 361		  8591	  4698	0.00000010000000000000
 362		  5938	  3517	0.00000010000000000000
 363		 12489	Not Found	0.00000010000000000000
 364		 13107	  6637	0.00000020000000000000
 365		  2979	  1911	0.00000010000000000000
 366		  1543	  1000	0.00000010000000000000
 367		  2854	  1830	0.00000010000000000000
 368		 10779	  5664	0.00000020000000000000
 369		   609	   393	0.00000020000000000000
 370		  5723	  3420	0.00000020000000000000
 371		 10204	Not Found	0.00000020000000000000
 372		   332	Not Found	0.00000020000000000000
 373		   199	Not Found	0.00000020000000000000
 374		 11172	  5818	0.00000000000000000000
 375		 12462	Not Found	0.00000020000000000000
 376		  4236	Not Found	0.00000010000000000000
 377		 10477	Not Found	0.00000010000000000000
 378		  8122	Not Found	0.00000020000000000000
 379		   691	Not Found	0.00000010000000000000
 380		  1963	  1255	0.00000020000000000000
 381		    57	    51	0.00000010000000000000
 382		  8350	Not Found	0.00000010000000000000
 383		  3543	Not Found	0.00000010000000000000
 384		  4578	Not Found	0.00000010000000000000
 385		  6895	Not Found	0.00000010000000000000
 386		  9821	Not Found	0.00000020000000000000
 387		  6146	Not Found	0.00000010000000000000
 388		  3414	Not Found	0.00000010000000000000
 389		  4141	  2610	0.00000010000000000000
 390		  2020	  1288	0.00000010000000000000
 391		  3485	Not Found	0.00000010000000000000
 392		 10338	  5441	0.00000020000000000000
 393		 13989	  6993	0.00000020000000000000
 394		  6166	Not Found	0.00000020000000000000
 395		   882	   581	0.00000010000000000000
 396		 13620	Not Found	0.00000020000000000000
 397		 10668	Not Found	0.00000010000000000000
 398		  2508	  1607	0.00000020000000000000
 399		  2099	  1356	0.00000020000000000000
 400		 13270	  6710	0.00000010000000000000
 401		   483	   323	0.00000010000000000000
 402		  1356	Not Found	0.00000020000000000000
 403		  7055	Not Found	0.00000020000000000000
 404		 12608	Not Found	0.00000010000000000000
 405		  3268	  2080	0.00000010000000000000
 406		 10526	Not Found	0.00000010000000000000
 407		  8432	  4622	0.00000000000000000000
 408		  5132	Not Found	0.00000010000000000000
 409		 13952	Not Found	0.00000010000000000000
 410		  8427	  4618	0.00000020000000000000
 411		  9799	  5212	0.00000010000000000000
 412		 13034	Not Found	0.00000020000000000000
 413		 10566	  5551	0.00000010000000000000
 414		   438	Not Found	0.00000010000000000000
 415		  6524	  3778	0.00000010000000000000
 416		  2869	Not Found	0.00000020000000000000
 417		  2806	Not Found	0.00000010000000000000
 418		  7167	  4083	0.00000020000000000000
 419		  5153	  3192	0.00000020000000000000
 420		 10566	  5551	0.00000010000000000000
 421		  9319	Not Found	0.00000020000000000000
 422		  1766	  1130	0.00000020000000000000
 423		  6727	  3889	0.00000010000000000000
 424		  6984	Not Found	0.00000020000000000000
 425		 10278	Not Found	0.00000020000000000000
 426		  8301	Not Found	0.00000010000000000000
 427		  3220	  2049	0.00000020000000000000
 428		 12524	Not Found	0.00000010000000000000
 429		 10960	Not Found	0.00000010000000000000
 430		  1569	Not Found	0.00000010000000000000
 431		  9651	Not Found	0.00000010000000000000
 432		  7213	Not Found	0.00000010000000000000
 433		   130	Not Found	0.00000020000000000000
 434		   522	   340	0.00000010000000000000
 435		 13675	Not Found	0.00000010000000000000
 436		   310	   206	0.00000010000000000000
 437		  5694	Not Found	0.00000010000000000000
 438		 10913	  5703	0.00000020000000000000
 439		  9365	Not Found	0.00000010000000000000
 440		   322	   213	0.00000020000000000000
 441		  2528	  1621	0.00000010000000000000
 442		  9170	Not Found	0.00000010000000000000
 443		  1432	   922	0.00000010000000000000
 444		  3780	Not Found	0.00000010000000000000
 445		  6002	Not Found	0.00000010000000000000
 446		 13282	Not Found	0.00000020000000000000
 447		  3079	Not Found	0.00000010000000000000
 448		  8441	Not Found	0.00000010000000000000
 449		  3950	Not Found	0.00000020000000000000
 450		  4994	  3128	0.00000010000000000000
 451		  6030	Not Found	0.00000010000000000000
 452		 11403	Not Found	0.00000010000000000000
 453		  7858	  4381	0.00000010000000000000
 454		 10325	Not Found	0.00000010000000000000
 455		  7001	Not Found	0.00000010000000000000
 456		 11816	  6077	0.00000020000000000000
 457		  8008	  4453	0.00000020000000000000
 458		  3182	Not Found	0.00000020000000000000
 459		  3030	  1949	0.00000010000000000000
 460		 10514	Not Found	0.00000010000000000000
 461		   726	Not Found	0.00000010000000000000
 462		  1998	Not Found	0.00000010000000000000
 463		 13739	Not Found	0.00000010000000000000
 464		  8104	  4493	0.00000010000000000000
 465		  3556	Not Found	0.00000020000000000000
 466		 13085	Not Found	0.00000020000000000000
 467		  8363	  4584	0.00000010000000000000
 468		  8436	Not Found	0.00000010000000000000
 469		 11436	Not Found	0.00000010000000000000
 470		  3878	  2459	0.00000000000000000000
 471		  6821	Not Found	0.00000010000000000000
 472		    86	    68	0.00000020000000000000
 473		  5399	  3289	0.00000010000000000000
 474		   664	Not Found	0.00000010000000000000
 475		  3309	  2105	0.00000020000000000000
 476		  1698	Not Found	0.00000020000000000000
 477		   837	   547	0.00000010000000000000
 478		  1817	Not Found	0.00000010000000000000
 479		   752	Not Found	0.00000010000000000000
 480		 11013	Not Found	0.00000010000000000000
 481		  2893	  1851	0.00000010000000000000
 482		 10254	Not Found	0.00000010000000000000
 483		   882	   581	0.00000010000000000000
 484		  9806	Not Found	0.00000020000000000000
 485		  5238	Not Found	0.00000010000000000000
 486		  5753	  3432	0.00000010000000000000
 487		  8330	Not Found	0.00000020000000000000
 488		  2186	Not Found	0.00000020000000000000
 489		 13316	Not Found	0.00000020000000000000
 490		 13363	  6740	0.00000010000000000000
 491		 11760	  6058	0.00000020000000000000
 492		 10352	  5449	0.00000020000000000000
 493		 12344	  6318	0.00000020000000000000
 494		  3930	  2489	0.00000010000000000000
 495		  4293	Not Found	0.00000020000000000000
 496		  3119	  1997	0.00000010000000000000
 497		 10657	Not Found	0.00000010000000000000
 498		 10316	Not Found	0.00000010000000000000
 499		  1492	   962	0.00000010000000000000
 500		  4820	Not Found	0.00000010000000000000
 501		 13192	  6684	0.00000010000000000000
 502		   452	   303	0.00000020000000000000
 503		  3288	Not Found	0.00000020000000000000
 504		    80	Not Found	0.00000020000000000000
 505		 10411	Not Found	0.00000010000000000000
 506		  9396	  5053	0.00000010000000000000
 507		  5231	  3228	0.00000010000000000000
 508		  3882	Not Found	0.00000010000000000000
 509		  3351	Not Found	0.00000020000000000000
 510		  6004	  3542	0.00000010000000000000
 511		  9085	Not Found	0.00000010000000000000
 512		  4753	Not Found	0.00000020000000000000
 513		  2091	Not Found	0.00000020000000000000
 514		   538	   353	0.00000010000000000000
 515		  4356	  2754	0.00000010000000000000
 516		 12021	Not Found	0.00000020000000000000
 517		   139	Not Found	0.00000010000000000000
 518		 13899	  6965	0.00000020000000000000
 519		  2434	Not Found	0.00000020000000000000
 520		 11126	Not Found	0.00000020000000000000
 521		  9458	  5086	0.00000010000000000000
 522		  3729	  2363	0.00000010000000000000
 523		 11563	Not Found	0.00000010000000000000
 524		 12397	Not Found	0.00000010000000000000
 525		 10924	Not Found	0.00000010000000000000
 526		  8222	Not Found	0.00000010000000000000
 527		   632	   408	0.00000010000000000000
 528		  2650	Not Found	0.00000010000000000000
 529		  2915	Not Found	0.00000010000000000000
 530		 13663	Not Found	0.00000010000000000000
 531		  2752	  1761	0.00000010000000000000
 532		  1357	Not Found	0.00000010000000000000
 533		  1928	  1231	0.00000010000000000000
 534		  3764	Not Found	0.00000020000000000000
 535		 12183	  6249	0.00000020000000000000
 536		 10249	Not Found	0.00000020000000000000
 537		 10229	  5398	0.00000010000000000000
 538		  4191	Not Found	0.00000020000000000000
 539		 10309	  5428	0.00000010000000000000
 540		  9189	  4947	0.00000010000000000000
 541		   720	Not Found	0.00000010000000000000
 542		  6363	Not Found	0.00000020000000000000
 543		  1480	Not Found	0.00000010000000000000
 544		  7045	  4021	0.00000010000000000000
 545		  4354	Not Found	0.00000010000000000000
 546		 12847	  6521	0.00000010000000000000
 547		  2412	  1537	0.00000010000000000000
 548		  7897	  4397	0.00000010000000000000
 549		  3512	  2227	0.00000010000000000000
 550		 10099	Not Found	0.00000020000000000000
 551		 10425	  5480	0.00000010000000000000
 552		 11188	Not Found	0.00000010000000000000
 553		  8042	Not Found	0.00000010000000000000
 554		  8114	Not Found	0.00000010000000000000
 555		  7438	Not Found	0.00000020000000000000
 556		   608	Not Found	0.00000010000000000000
 557		  1547	Not Found	0.00000020000000000000
 558		 11985	  6157	0.00000010000000000000
 559		  5309	Not Found	0.00000010000000000000
 560		  7537	Not Found	0.00000010000000000000
 561		  4465	Not Found	0.00000020000000000000
 562		   911	   594	0.00000020000000000000
 563		 11606	  6000	0.00000010000000000000
 564		 12311	Not Found	0.00000020000000000000
 565		  8581	  4693	0.00000010000000000000
 566		 12894	Not Found	0.00000020000000000000
 567		  6617	  3833	0.00000010000000000000
 568		 12215	Not Found	0.00000010000000000000
 569		 12172	  6246	0.00000010000000000000
 570		  4352	  2753	0.00000010000000000000
 571		  6663	Not Found	0.00000020000000000000
 572		   379	   253	0.00000010000000000000
 573		  6695	Not Found	0.00000010000000000000
 574		  2901	Not Found	0.00000010000000000000
 575		  4568	Not Found	0.00000010000000000000
 576		  6953	  3985	0.00000010000000000000
 577		 12840	Not Found	0.00000020000000000000
 578		  8053	Not Found	0.00000010000000000000
 579		  8018	Not Found	0.00000010000000000000
 580		 12578	Not Found	0.00000010000000000000
 581		  5815	Not Found	0.00000010000000000000
 582		 12712	Not Found	0.00000010000000000000
 583		  3880	  2460	0.00000020000000000000
 584		  2605	Not Found	0.00000010000000000000
 585		  7332	Not Found	0.00000010000000000000
 586		 12222	Not Found	0.00000010000000000000
 587		  8465	  4644	0.00000010000000000000
 588		  3011	  1935	0.00000020000000000000
 589		  1565	  1016	0.00000010000000000000
 590		 13660	Not Found	0.00000010000000000000
 591		 13035	  6596	0.00000010000000000000
 592		  4604	Not Found	0.00000020000000000000
 593		  2562	Not Found	0.00000020000000000000
 594		  9556	Not Found	0.00000020000000000000
 595		 12831	Not Found	0.00000010000000000000
 596		  7242	  4116	0.00000010000000000000
 597		 10823	Not Found	0.00000010000000000000
 598		  9481	Not Found	0.00000010000000000000
 599		 12631	  6433	0.00000010000000000000
 600		 10819	Not Found	0.00000010000000000000
 601		  9914	Not Found	0.00000010000000000000
 602		 13521	  6804	0.00000010000000000000
 603		  5261	Not Found	0.00000020000000000000
 604		  4277	Not Found	0.00000020000000000000
 605		  4997	Not Found	0.00000010000000000000
 606		  6187	Not Found	0.00000010000000000000
 607		 13910	Not Found	0.00000010000000000000
 608		  7525	Not Found	0.00000020000000000000
 609		  8134	Not Found	0.00000010000000000000
 610		  1970	Not Found	0.00000020000000000000
 611		 10527	Not Found	0.00000010000000000000
 612		  1577	Not Found	0.00000020000000000000
 613		  4702	Not Found	0.00000020000000000000
 614		  8659	Not Found	0.00000010000000000000
 615		 12070	Not Found	0.00000020000000000000
 616		 13287	  6717	0.00000010000000000000
 617		  1175	Not Found	0.00000010000000000000
 618		  5164	  3198	0.00000010000000000000
 619		  3964	  2512	0.00000020000000000000
 620		  3229	Not Found	0.00000010000000000000
 621		  7834	Not Found	0.00000020000000000000
 622		 12406	Not Found	0.00000020000000000000
 623		 10682	Not Found	0.00000010000000000000
 624		  3891	Not Found	0.00000010000000000000
 625		  8047	Not Found	0.00000010000000000000
 626		 10197	Not Found	0.00000020000000000000
 627		  9282	Not Found	0.00000020000000000000
 628		  4845	Not Found	0.00000020000000000000
 629		 12597	  6418	0.00000010000000000000
 630		  8957	Not Found	0.00000020000000000000
 631		  6423	Not Found	0.00000020000000000000
 632		  1350	Not Found	0.00000010000000000000
 633		  2245	Not Found	0.00000010000000000000
 634		 10743	  5641	0.00000020000000000000
 635		 11616	Not Found	0.00000020000000000000
 636		  3305	  2099	0.00000010000000000000
 637		  5315	  3256	0.00000010000000000000
 638		  4276	  2697	0.00000020000000000000
 639		  3224	Not Found	0.00000010000000000000
 640		 11793	Not Found	0.00000020000000000000
 641		  3636	Not Found	0.00000020000000000000
 642		  4289	  2710	0.00000010000000000000
 643		 12298	Not Found	0.00000020000000000000
 644		  4004	Not Found	0.00000020000000000000
 645		 10102	Not Found	0.00000010000000000000
 646		  4348	  2749	0.00000010000000000000
 647		  9659	Not Found	0.00000010000000000000
 648		 10668	Not Found	0.00000000000000000000
 649		  7308	  4141	0.00000010000000000000
 650		  2693	  1719	0.00000010000000000000
 651		  1640	Not Found	0.00000010000000000000
 652		   950	   627	0.00000010000000000000
 653		  5641	  3382	0.00000010000000000000
 654		  3944	Not Found	0.00000020000000000000
 655		   818	   533	0.00000020000000000000
 656		  5886	  3491	0.00000020000000000000
 657		 13648	  6867	0.00000010000000000000
 658		  4843	  3061	0.00000010000000000000
 659		 12359	Not Found	0.00000010000000000000
 660		 11883	Not Found	0.00000010000000000000
 661		  1817	Not Found	0.00000020000000000000
 662		 13475	Not Found	0.00000010000000000000
 663		  7891	Not Found	0.00000010000000000000
 664		  2310	  1468	0.00000020000000000000
 665		  7078	  4041	0.00000010000000000000
 666		  2012	  1284	0.00000020000000000000
 667		 11783	  6070	0.00000020000000000000
 668		  5185	  3211	0.00000020000000000000
 669		  1606	Not Found	0.00000010000000000000
 670		  5017	Not Found	0.00000010000000000000
 671		  8392	  4603	0.00000020000000000000
 672		  3702	Not Found	0.00000020000000000000
 673		  3866	Not Found	0.00000010000000000000
 674		   104	Not Found	0.00000010000000000000
 675		 10235	Not Found	0.00000010000000000000
 676		  8733	Not Found	0.00000010000000000000
 677		 11447	Not Found	0.00000010000000000000
 678		  7209	  4098	0.00000010000000000000
 679		 10240	Not Found	0.00000010000000000000
 680		  3858	  2449	0.00000000000000000000
 681		  1819	Not Found	0.00000010000000000000
 682		  9969	Not Found	0.00000020000000000000
 683		 12668	Not Found	0.00000020000000000000
 684		  7462	Not Found	0.00000010000000000000
 685		  2083	  1344	0.00000010000000000000
 686		  3482	  2213	0.00000010000000000000
 687		  1708	  1104	0.00000020000000000000
 688		  1525	   986	0.00000010000000000000
 689		 12445	  6353	0.00000010000000000000
 690		  3677	Not Found	0.00000010000000000000
 691		  9239	Not Found	0.00000010000000000000
 692		  4409	Not Found	0.00000010000000000000
 693		  1897	  1208	0.00000020000000000000
 694		 12515	Not Found	0.00000010000000000000
 695		 10627	Not Found	0.00000010000000000000
 696		  4189	Not Found	0.00000010000000000000
 697		  5445	  3306	0.00000010000000000000
 698		   888	Not Found	0.00000020000000000000
 699		  5130	Not Found	0.00000010000000000000
 700		 10771	  5658	0.00000000000000000000
 701		 13801	Not Found	0.00000020000000000000
 702		  3281	  2087	0.00000010000000000000
 703		 11294	Not Found	0.00000010000000000000
 704		  9178	Not Found	0.00000010000000000000
 705		 14000	Not Found	0.00000010000000000000
 706		  5616	  3370	0.00000020000000000000
 707		  5323	Not Found	0.00000010000000000000
 708		 12075	  6202	0.00000010000000000000
 709		  5369	  3277	0.00000020000000000000
 710		  2469	  1576	0.00000010000000000000
 711		  5868	Not Found	0.00000010000000000000
 712		  6419	  3735	0.00000010000000000000
 713		  7916	Not Found	0.00000020000000000000
 714		  7559	  4249	0.00000010000000000000
 715		  1073	   699	0.00000020000000000000
 716		  8421	Not Found	0.00000010000000000000
 717		  2225	  1427	0.00000010000000000000
 718		  4323	Not Found	0.00000010000000000000
 719		  5007	Not Found	0.00000010000000000000
 720		  4961	Not Found	0.00000020000000000000
 721		 12173	Not Found	0.00000020000000000000
 722		 10756	Not Found	0.00000010000000000000
 723		  5176	Not Found	0.00000010000000000000
 724		  3152	Not Found	0.00000020000000000000
 725		  6222	Not Found	0.00000020000000000000
 726		 10276	Not Found	0.00000020000000000000
 727		  4845	Not Found	0.00000010000000000000
 728		 11153	  5806	0.00000010000000000000
 729		 11498	  5955	0.00000010000000000000
 730		  6178	Not Found	0.00000020000000000000
 731		  4338	Not Found	0.00000010000000000000
 732		  4217	  2657	0.00000010000000000000
 733		 13331	Not Found	0.00000010000000000000
 734		  4197	  2649	0.00000010000000000000
 735		 13665	Not Found	0.00000010000000000000
 736		  7366	Not Found	0.00000020000000000000
 737		  2029	Not Found	0.00000020000000000000
 738		  3504	Not Found	0.00000020000000000000
 739		  7089	  4048	0.00000020000000000000
 740		  7333	Not Found	0.00000010000000000000
 741		   771	Not Found	0.00000020000000000000
 742		  9142	Not Found	0.00000010000000000000
 743		  8759	Not Found	0.00000020000000000000
 744		  8661	Not Found	0.00000010000000000000
 745		 11927	Not Found	0.00000010000000000000
 746		 11903	Not Found	0.00000020000000000000
 747		  4957	Not Found	0.00000020000000000000
 748		 10012	Not Found	0.00000010000000000000
 749		  9097	Not Found	0.00000010000000000000
 750		   188	Not Found	0.00000010000000000000
 751		  4067	Not Found	0.00000020000000000000
 752		  2328	  1480	0.00000020000000000000
 753		 11385	Not Found	0.00000010000000000000
 754		   776	   509	0.00000010000000000000
 755		  9508	  5103	0.00000010000000000000
 756		 11832	  6087	0.00000010000000000000
 757		  6448	Not Found	0.00000020000000000000
 758		 12287	Not Found	0.00000010000000000000
 759		 10763	  5656	0.00000010000000000000
 760		 13356	Not Found	0.00000010000000000000
 761		  6972	Not Found	0.00000010000000000000
 762		  5491	Not Found	0.00000010000000000000
 763		  2629	Not Found	0.00000010000000000000
 764		    42	    35	0.00000010000000000000
 765		  7131	  4068	0.00000020000000000000
 766		  4685	Not Found	0.00000020000000000000
 767		  9705	Not Found	0.00000010000000000000
 768		   627	   407	0.00000010000000000000
 769		  6603	Not Found	0.00000010000000000000
 770		  2785	Not Found	0.00000020000000000000
 771		  1141	   736	0.00000010000000000000
 772		  4485	  2845	0.00000020000000000000
 773		    62	Not Found	0.00000010000000000000
 774		   197	   129	0.00000000000000000000
 775		    58	    53	0.00000010000000000000
 776		  9810	Not Found	0.00000020000000000000
 777		   531	   351	0.00000010000000000000
 778		   851	Not Found	0.00000010000000000000
 779		  5435	Not Found	0.00000010000000000000
 780		  6785	Not Found	0.00000020000000000000
 781		   771	Not Found	0.00000010000000000000
 782		  9660	Not Found	0.00000020000000000000
 783		 12705	  6463	0.00000010000000000000
 784		 12211	  6267	0.00000020000000000000
 785		  4522	  2867	0.00000010000000000000
 786		  3376	  2156	0.00000010000000000000
 787		 11811	  6075	0.00000010000000000000
 788		  4073	  2575	0.00000000000000000000
 789		  1735	Not Found	0.00000010000000000000
 790		  1564	  1014	0.00000010000000000000
 791		  3220	  2049	0.00000010000000000000
 792		  5397	Not Found	0.00000020000000000000
 793		  2261	  1443	0.00000010000000000000
 794		  8915	  4836	0.00000020000000000000
 795		  6542	  3784	0.00000010000000000000
 796		   830	Not Found	0.00000020000000000000
 797		  4874	Not Found	0.00000010000000000000
 798		  2688	Not Found	0.00000010000000000000
 799		  4542	  2889	0.00000010000000000000
 800		   535	Not Found	0.00000010000000000000
 801		  1488	   959	0.00000020000000000000
 802		  1882	Not Found	0.00000020000000000000
 803		  9327	  5017	0.00000010000000000000
 804		 10498	  5521	0.00000010000000000000
 805		  3618	  2297	0.00000010000000000000
 806		  1465	Not Found	0.00000010000000000000
 807		 13836	Not Found	0.00000010000000000000
 808		  9073	Not Found	0.00000010000000000000
 809		  7834	Not Found	0.00000020000000000000
 810		  2424	Not Found	0.00000010000000000000
 811		  1696	Not Found	0.00000020000000000000
 812		   125	    86	0.00000010000000000000
 813		 13753	Not Found	0.00000020000000000000
 814		   812	Not Found	0.00000010000000000000
 815		  8592	Not Found	0.00000010000000000000
 816		  1643	  1065	0.00000020000000000000
 817		   678	   436	0.00000000000000000000
 818		 13764	Not Found	0.00000010000000000000
 819		  1276	Not Found	0.00000010000000000000
 820		  6796	Not Found	0.00000020000000000000
 821		  7674	Not Found	0.00000020000000000000
 822		  4146	Not Found	0.00000020000000000000
 823		  5521	Not Found	0.00000010000000000000
 824		   323	   214	0.00000010000000000000
 825		  8107	  4494	0.00000020000000000000
 826		 10873	Not Found	0.00000020000000000000
 827		  3154	  2010	0.00000020000000000000
 828		  1996	  1277	0.00000020000000000000
 829		   200	   130	0.00000020000000000000
 830		  1638	  1063	0.00000010000000000000
 831		   233	   153	0.00000010000000000000
 832		 13580	  6836	0.00000020000000000000
 833		  7268	Not Found	0.00000020000000000000
 834		  2628	  1678	0.00000010000000000000
 835		  1880	Not Found	0.00000010000000000000
 836		  7012	  4008	0.00000020000000000000
 837		  5319	  3258	0.00000020000000000000
 838		  6731	Not Found	0.00000020000000000000
 839		  1861	Not Found	0.00000020000000000000
 840		  5641	  3382	0.00000010000000000000
 841		  7218	  4102	0.00000010000000000000
 842		   985	Not Found	0.00000020000000000000
 843		  1478	   955	0.00000020000000000000
 844		  3017	  1944	0.00000020000000000000
 845		  8353	Not Found	0.00000010000000000000
 846		 12739	  6480	0.00000020000000000000
 847		  4168	  2627	0.00000020000000000000
 848		  2870	Not Found	0.00000020000000000000
 849		  4229	Not Found	0.00000020000000000000
 850		  7629	Not Found	0.00000020000000000000
 851		 12871	  6533	0.00000010000000000000
 852		  7287	Not Found	0.00000010000000000000
 853		   899	   589	0.00000020000000000000
 854		   633	   409	0.00000010000000000000
 855		  5129	  3183	0.00000010000000000000
 856		  1936	Not Found	0.00000020000000000000
 857		  3143	Not Found	0.00000010000000000000
 858		 13965	  6988	0.00000010000000000000
 859		  6859	Not Found	0.00000010000000000000
 860		 10558	Not Found	0.00000020000000000000
 861		 13021	Not Found	0.00000020000000000000
 862		 11064	Not Found	0.00000020000000000000
 863		  9761	Not Found	0.00000020000000000000
 864		  9000	Not Found	0.00000020000000000000
 865		  7953	Not Found	0.00000010000000000000
 866		 10262	Not Found	0.00000010000000000000
 867		  4039	Not Found	0.00000010000000000000
 868		   963	   641	0.00000010000000000000
 869		 11013	Not Found	0.00000020000000000000
 870		  1570	Not Found	0.00000010000000000000
 871		  1294	Not Found	0.00000010000000000000
 872		  7620	  4269	0.00000020000000000000
 873		 10259	  5409	0.00000010000000000000
 874		  3371	  2150	0.00000020000000000000
 875		  7060	Not Found	0.00000010000000000000
 876		 11739	  6046	0.00000020000000000000
 877		  3316	Not Found	0.00000010000000000000
 878		 10794	  5670	0.00000010000000000000
 879		 12962	Not Found	0.00000010000000000000
 880		  6126	  3596	0.00000020000000000000
 881		  6513	Not Found	0.00000020000000000000
 882		 10531	Not Found	0.00000020000000000000
 883		  6108	Not Found	0.00000010000000000000
 884		  8899	Not Found	0.00000010000000000000
 885		  7544	Not Found	0.00000020000000000000
 886		  9578	Not Found	0.00000020000000000000
 887		  5204	  3218	0.00000010000000000000
 888		 13715	Not Found	0.00000010000000000000
 889		 12817	Not Found	0.00000020000000000000
 890		 10200	  5390	0.00000020000000000000
 891		  3360	Not Found	0.00000010000000000000
 892		 12363	Not Found	0.00000010000000000000
 893		  9984	  5294	0.00000010000000000000
 894		  8446	  4629	0.00000010000000000000
 895		  1038	   679	0.00000020000000000000
 896		 12021	Not Found	0.00000020000000000000
 897		 11134	Not Found	0.00000020000000000000
 898		   665	   426	0.00000020000000000000
 899		  7589	Not Found	0.00000020000000000000
 900		  6119	  3594	0.00000010000000000000
 901		  1588	Not Found	0.00000020000000000000
 902		 10119	Not Found	0.00000020000000000000
 903		  4525	  2869	0.00000010000000000000
 904		  4633	  2950	0.00000020000000000000
 905		 10119	Not Found	0.00000010000000000000
 906		   761	   497	0.00000010000000000000
 907		 10802	  5672	0.00000010000000000000
 908		 10940	Not Found	0.00000010000000000000
 909		 11194	Not Found	0.00000020000000000000
 910		  3657	Not Found	0.00000020000000000000
 911		 13269	Not Found	0.00000010000000000000
 912		  1322	Not Found	0.00000020000000000000
 913		  3680	Not Found	0.00000020000000000000
 914		 13901	Not Found	0.00000020000000000000
 915		   580	   381	0.00000010000000000000
 916		  7817	  4364	0.00000020000000000000
 917		  4946	Not Found	0.00000020000000000000
 918		  4397	  2783	0.00000010000000000000
 919		  1067	Not Found	0.00000010000000000000
 920		  1588	Not Found	0.00000010000000000000
 921		  7232	  4111	0.00000010000000000000
 922		  4226	  2667	0.00000020000000000000
 923		   906	Not Found	0.00000010000000000000
 924		  4859	Not Found	0.00000010000000000000
 925		 11707	  6030	0.00000020000000000000
 926		  9823	  5221	0.00000010000000000000
 927		 13672	  6873	0.00000010000000000000
 928		 10010	  5307	0.00000010000000000000
 929		  6290	Not Found	0.00000010000000000000
 930		  4357	Not Found	0.00000010000000000000
 931		 13161	Not Found	0.00000010000000000000
 932		  1080	   703	0.00000010000000000000
 933		  2363	Not Found	0.00000020000000000000
 934		  1233	Not Found	0.00000010000000000000
 935		  5341	  3265	0.00000010000000000000
 936		  4448	  2819	0.00000010000000000000
 937		   309	   205	0.00000010000000000000
 938		  6505	  3768	0.00000010000000000000
 939		  4377	  2766	0.00000010000000000000
 940		 10869	  5693	0.00000010000000000000
 941		   203	Not Found	0.00000010000000000000
 942		  9959	  5285	0.00000010000000000000
 943		  3241	Not Found	0.00000010000000000000
 944		  6354	  3704	0.00000010000000000000
 945		 11004	Not Found	0.00000010000000000000
 946		  3348	  2126	0.00000020000000000000
 947		 10422	Not Found	0.00000010000000000000
 948		  2591	Not Found	0.00000010000000000000
 949		 10712	Not Found	0.00000020000000000000
 950		  5689	  3402	0.00000010000000000000
 951		 12964	  6569	0.00000010000000000000
 952		  6235	  3644	0.00000010000000000000
 953		  8382	Not Found	0.00000010000000000000
 954		 13330	Not Found	0.00000020000000000000
 955		  7056	Not Found	0.00000020000000000000
 956		  1558	Not Found	0.00000010000000000000
 957		 13844	Not Found	0.00000010000000000000
 958		  4260	Not Found	0.00000020000000000000
 959		  4664	Not Found	0.00000010000000000000
 960		  4622	Not Found	0.00000020000000000000
 961		  2022	Not Found	0.00000010000000000000
 962		 13265	Not Found	0.00000010000000000000
 963		  6395	  3728	0.00000020000000000000
 964		 13582	Not Found	0.00000020000000000000
 965		  4467	Not Found	0.00000010000000000000
 966		  1097	Not Found	0.00000020000000000000
 967		 13219	  6696	0.00000020000000000000
 968		  5585	Not Found	0.00000020000000000000
 969		  2996	  1922	0.00000010000000000000
 970		  4595	  2928	0.00000010000000000000
 971		  1696	Not Found	0.00000010000000000000
 972		   301	   196	0.00000010000000000000
 973		  2367	Not Found	0.00000010000000000000
 974		  7661	Not Found	0.00000020000000000000
 975		  6263	  3658	0.00000010000000000000
 976		  1565	  1016	0.00000010000000000000
 977		  6875	Not Found	0.00000020000000000000
 978		   352	Not Found	0.00000010000000000000
 979		  7082	  4043	0.00000010000000000000
 980		  3071	  1973	0.00000000000000000000
 981		  3188	  2025	0.00000010000000000000
 982		 12151	Not Found	0.00000020000000000000
 983		 11610	  6003	0.00000010000000000000
 984		 12016	Not Found	0.00000010000000000000
 985		  1073	   699	0.00000010000000000000
 986		 11441	  5930	0.00000020000000000000
 987		  9914	Not Found	0.00000020000000000000
 988		  8805	Not Found	0.00000020000000000000
 989		   484	Not Found	0.00000020000000000000
 990		   309	   205	0.00000010000000000000
 991		 12246	Not Found	0.00000020000000000000
 992		 10891	Not Found	0.00000010000000000000
 993		 11746	Not Found	0.00000020000000000000
 994		  3958	  2504	0.00000010000000000000
 995		   547	Not Found	0.00000010000000000000
 996		  3121	Not Found	0.00000020000000000000
 997		  1460	   946	0.00000010000000000000
 998		  3847	  2437	0.00000020000000000000
 999		  1801	Not Found	0.00000010000000000000
1000		  1780	Not Found	0.00000010000000000000
