BINARY SEARCH ANALYSIS
Array Size = 4000
-------------------------------------------
Iteration	Key	Index	Time (sec)
-------------------------------------------
   1		  3450	Not Found	0.00000030000000000000
   2		   887	Not Found	0.00000010000000000000
   3		  7015	Not Found	0.00000010000000000000
   4		  6608	Not Found	0.00000010000000000000
   5		  3924	Not Found	0.00000020000000000000
   6		  2110	Not Found	0.00000010000000000000
   7		  6609	  3262	0.00000010000000000000
   8		   276	Not Found	0.00000020000000000000
   9		  7618	  3799	0.00000010000000000000
  10		  2054	Not Found	0.00000010000000000000
  11		  1600	Not Found	0.00000010000000000000
  12		  2225	  1151	0.00000020000000000000
  13		  2871	Not Found	0.00000010000000000000
  14		  2822	Not Found	0.00000010000000000000
  15		  2082	Not Found	0.00000010000000000000
  16		  4711	Not Found	0.00000010000000000000
  17		  1665	Not Found	0.00000010000000000000
  18		  7847	Not Found	0.00000010000000000000
  19		  1226	   692	0.00000010000000000000
  20		  6350	  3148	0.00000020000000000000
  21		  7848	  3914	0.00000010000000000000
  22		  5018	Not Found	0.00000010000000000000
  23		  7156	  3561	0.00000010000000000000
  24		  5960	  2954	0.00000010000000000000
  25		  7193	  3584	0.00000010000000000000
  26		  1518	Not Found	0.00000010000000000000
  27		   899	Not Found	0.00000010000000000000
  28		  3252	Not Found	0.00000010000000000000
  29		  6083	Not Found	0.00000010000000000000
  30		   162	Not Found	0.00000010000000000000
  31		  6478	Not Found	0.00000020000000000000
  32		   676	Not Found	0.00000010000000000000
  33		  7554	Not Found	0.00000010000000000000
  34		  6775	Not Found	0.00000010000000000000
  35		  6491	  3201	0.00000010000000000000
  36		  4753	  2359	0.00000010000000000000
  37		  5307	Not Found	0.00000010000000000000
  38		  3914	Not Found	0.00000020000000000000
  39		    42	Not Found	0.00000010000000000000
  40		  4558	Not Found	0.00000010000000000000
  41		   903	   537	0.00000010000000000000
  42		  6945	  3457	0.00000020000000000000
  43		  7286	  3627	0.00000010000000000000
  44		  6779	Not Found	0.00000010000000000000
  45		  6739	  3331	0.00000010000000000000
  46		  2564	Not Found	0.00000010000000000000
  47		  2359	  1211	0.00000010000000000000
  48		   251	   160	0.00000020000000000000
  49		  7110	Not Found	0.00000020000000000000
  50		  2830	  1436	0.00000010000000000000
  51		  7915	  3951	0.00000010000000000000
  52		  5224	  2597	0.00000020000000000000
  53		  6245	Not Found	0.00000010000000000000
  54		  1411	Not Found	0.00000010000000000000
  55		    86	Not Found	0.00000010000000000000
  56		  5189	Not Found	0.00000020000000000000
  57		  1012	   581	0.00000010000000000000
  58		   676	Not Found	0.00000010000000000000
  59		  4936	Not Found	0.00000010000000000000
  60		  2227	  1152	0.00000020000000000000
  61		  4894	Not Found	0.00000010000000000000
  62		  1537	   834	0.00000010000000000000
  63		  5086	Not Found	0.00000020000000000000
  64		  5224	  2597	0.00000010000000000000
  65		  6743	Not Found	0.00000020000000000000
  66		  2383	Not Found	0.00000010000000000000
  67		  6347	Not Found	0.00000010000000000000
  68		  7006	Not Found	0.00000020000000000000
  69		  3392	  1700	0.00000020000000000000
  70		  6842	Not Found	0.00000010000000000000
  71		   408	Not Found	0.00000010000000000000
  72		   200	   120	0.00000010000000000000
  73		   715	   441	0.00000010000000000000
  74		  3197	Not Found	0.00000010000000000000
  75		  3434	  1715	0.00000010000000000000
  76		  4170	  2079	0.00000020000000000000
  77		   671	Not Found	0.00000010000000000000
  78		  5935	Not Found	0.00000010000000000000
  79		  7684	  3828	0.00000010000000000000
  80		  5929	Not Found	0.00000010000000000000
  81		  4606	Not Found	0.00000010000000000000
  82		  3808	  1898	0.00000010000000000000
  83		  5708	Not Found	0.00000020000000000000
  84		   129	Not Found	0.00000020000000000000
  85		  5285	  2631	0.00000010000000000000
  86		  1508	   820	0.00000010000000000000
  87		  4690	Not Found	0.00000010000000000000
  88		  3958	  1983	0.00000010000000000000
  89		  3764	Not Found	0.00000020000000000000
  90		  2543	Not Found	0.00000020000000000000
  91		  1870	Not Found	0.00000020000000000000
  92		   364	Not Found	0.00000010000000000000
  93		  5582	Not Found	0.00000010000000000000
  94		  7970	Not Found	0.00000020000000000000
  95		   937	   549	0.00000010000000000000
  96		  4347	Not Found	0.00000010000000000000
  97		  2691	  1371	0.00000020000000000000
  98		  7653	Not Found	0.00000010000000000000
  99		  7552	  3761	0.00000020000000000000
 100		  3421	  1709	0.00000020000000000000
 101		  1900	Not Found	0.00000010000000000000
 102		  7158	  3564	0.00000020000000000000
 103		    36	Not Found	0.00000020000000000000
 104		  7018	Not Found	0.00000020000000000000
 105		  5335	Not Found	0.00000020000000000000
 106		  1856	   977	0.00000010000000000000
 107		  7397	  3681	0.00000020000000000000
 108		  3143	Not Found	0.00000010000000000000
 109		  6628	  3278	0.00000020000000000000
 110		   624	   383	0.00000020000000000000
 111		  3024	Not Found	0.00000020000000000000
 112		  7194	Not Found	0.00000010000000000000
 113		  4463	Not Found	0.00000010000000000000
 114		  5124	  2548	0.00000020000000000000
 115		  1462	Not Found	0.00000020000000000000
 116		  1921	Not Found	0.00000020000000000000
 117		  2288	Not Found	0.00000020000000000000
 118		  2469	Not Found	0.00000010000000000000
 119		  1839	   971	0.00000010000000000000
 120		  3075	Not Found	0.00000010000000000000
 121		  1055	Not Found	0.00000020000000000000
 122		  2486	  1277	0.00000010000000000000
 123		  7327	  3644	0.00000020000000000000
 124		  2054	Not Found	0.00000010000000000000
 125		   859	   518	0.00000010000000000000
 126		  6893	  3427	0.00000020000000000000
 127		  4536	Not Found	0.00000020000000000000
 128		  3331	Not Found	0.00000020000000000000
 129		  2188	  1131	0.00000010000000000000
 130		   866	Not Found	0.00000020000000000000
 131		  7616	  3796	0.00000010000000000000
 132		  1656	   897	0.00000010000000000000
 133		  2055	  1068	0.00000010000000000000
 134		  4453	  2233	0.00000020000000000000
 135		  1109	Not Found	0.00000020000000000000
 136		  3740	Not Found	0.00000020000000000000
 137		  2163	Not Found	0.00000020000000000000
 138		  5845	Not Found	0.00000020000000000000
 139		  6766	Not Found	0.00000010000000000000
 140		  7576	  3774	0.00000020000000000000
 141		  1770	   949	0.00000020000000000000
 142		  4270	Not Found	0.00000020000000000000
 143		  5347	Not Found	0.00000010000000000000
 144		  7476	  3724	0.00000010000000000000
 145		  1954	  1024	0.00000010000000000000
 146		  3299	Not Found	0.00000010000000000000
 147		  7344	  3653	0.00000020000000000000
 148		  7824	Not Found	0.00000020000000000000
 149		    77	Not Found	0.00000020000000000000
 150		  3245	Not Found	0.00000010000000000000
 151		  2102	Not Found	0.00000020000000000000
 152		  1492	Not Found	0.00000010000000000000
 153		  6846	Not Found	0.00000020000000000000
 154		  4514	Not Found	0.00000020000000000000
 155		  7170	Not Found	0.00000020000000000000
 156		  6825	Not Found	0.00000010000000000000
 157		  2636	Not Found	0.00000010000000000000
 158		  1225	Not Found	0.00000020000000000000
 159		  4242	Not Found	0.00000020000000000000
 160		   682	Not Found	0.00000020000000000000
 161		   379	Not Found	0.00000010000000000000
 162		  2477	Not Found	0.00000020000000000000
 163		  7829	  3903	0.00000010000000000000
 164		  3733	  1871	0.00000010000000000000
 165		   281	   170	0.00000010000000000000
 166		  5808	Not Found	0.00000010000000000000
 167		  6579	  3247	0.00000020000000000000
 168		  4615	Not Found	0.00000010000000000000
 169		  1255	Not Found	0.00000010000000000000
 170		  5026	Not Found	0.00000020000000000000
 171		  3213	  1614	0.00000020000000000000
 172		  2343	  1202	0.00000020000000000000
 173		  1529	   832	0.00000010000000000000
 174		  5842	  2894	0.00000010000000000000
 175		  1478	Not Found	0.00000020000000000000
 176		   353	Not Found	0.00000010000000000000
 177		  2400	  1229	0.00000010000000000000
 178		  2724	  1386	0.00000010000000000000
 179		    66	    33	0.00000020000000000000
 180		  6358	  3149	0.00000010000000000000
 181		  7749	Not Found	0.00000010000000000000
 182		  5348	Not Found	0.00000010000000000000
 183		  5741	Not Found	0.00000010000000000000
 184		  1681	Not Found	0.00000010000000000000
 185		   984	Not Found	0.00000010000000000000
 186		  6042	Not Found	0.00000010000000000000
 187		  2112	Not Found	0.00000010000000000000
 188		  5501	Not Found	0.00000020000000000000
 189		  2795	Not Found	0.00000010000000000000
 190		  2911	  1483	0.00000010000000000000
 191		  2879	Not Found	0.00000010000000000000
 192		  4118	Not Found	0.00000010000000000000
 193		  7064	Not Found	0.00000020000000000000
 194		  3119	Not Found	0.00000010000000000000
 195		  7558	  3762	0.00000020000000000000
 196		  2974	  1510	0.00000010000000000000
 197		    42	Not Found	0.00000020000000000000
 198		  4094	  2039	0.00000010000000000000
 199		  6022	Not Found	0.00000020000000000000
 200		  7569	Not Found	0.00000010000000000000
 201		  1019	Not Found	0.00000010000000000000
 202		  4368	Not Found	0.00000020000000000000
 203		  4491	  2245	0.00000010000000000000
 204		   986	   568	0.00000010000000000000
 205		  1305	   738	0.00000020000000000000
 206		  1796	Not Found	0.00000010000000000000
 207		  1472	   811	0.00000010000000000000
 208		  6919	  3439	0.00000020000000000000
 209		  1006	Not Found	0.00000010000000000000
 210		  1968	Not Found	0.00000020000000000000
 211		   884	   528	0.00000010000000000000
 212		  4411	  2211	0.00000020000000000000
 213		  4832	Not Found	0.00000020000000000000
 214		  1011	   580	0.00000010000000000000
 215		   414	Not Found	0.00000020000000000000
 216		  6563	Not Found	0.00000010000000000000
 217		   439	   264	0.00000010000000000000
 218		  5127	Not Found	0.00000010000000000000
 219		  5407	Not Found	0.00000010000000000000
 220		  7275	Not Found	0.00000020000000000000
 221		  1022	   586	0.00000010000000000000
 222		  1686	Not Found	0.00000010000000000000
 223		   968	Not Found	0.00000010000000000000
 224		  7345	Not Found	0.00000010000000000000
 225		  3627	Not Found	0.00000010000000000000
 226		  1295	Not Found	0.00000010000000000000
 227		  4252	Not Found	0.00000020000000000000
 228		  2297	Not Found	0.00000010000000000000
 229		     2	     3	0.00000010000000000000
 230		  1208	Not Found	0.00000010000000000000
 231		  1175	   665	0.00000010000000000000
 232		  2211	Not Found	0.00000010000000000000
 233		  3446	Not Found	0.00000010000000000000
 234		  3014	  1522	0.00000010000000000000
 235		  4591	  2280	0.00000010000000000000
 236		  7579	  3775	0.00000010000000000000
 237		  1233	   697	0.00000010000000000000
 238		  5611	Not Found	0.00000010000000000000
 239		  2777	  1418	0.00000010000000000000
 240		  7952	  3974	0.00000020000000000000
 241		  6103	Not Found	0.00000010000000000000
 242		   239	   153	0.00000010000000000000
 243		  5903	Not Found	0.00000020000000000000
 244		  1703	Not Found	0.00000010000000000000
 245		  2662	Not Found	0.00000020000000000000
 246		   258	Not Found	0.00000010000000000000
 247		  5009	Not Found	0.00000010000000000000
 248		  1968	Not Found	0.00000010000000000000
 249		  1761	Not Found	0.00000020000000000000
 250		  2001	  1040	0.00000010000000000000
 251		  2857	Not Found	0.00000010000000000000
 252		  4633	Not Found	0.00000010000000000000
 253		   206	   127	0.00000020000000000000
 254		  4311	  2155	0.00000010000000000000
 255		  3188	Not Found	0.00000020000000000000
 256		  2977	Not Found	0.00000020000000000000
 257		  1339	Not Found	0.00000020000000000000
 258		  3382	  1691	0.00000010000000000000
 259		  7134	  3549	0.00000020000000000000
 260		  4688	  2328	0.00000010000000000000
 261		  4328	Not Found	0.00000010000000000000
 262		    70	    35	0.00000010000000000000
 263		  1005	   578	0.00000010000000000000
 264		  6438	  3177	0.00000010000000000000
 265		  1185	   669	0.00000010000000000000
 266		  1517	Not Found	0.00000010000000000000
 267		  5121	Not Found	0.00000010000000000000
 268		  5329	Not Found	0.00000020000000000000
 269		  6955	Not Found	0.00000010000000000000
 270		   559	Not Found	0.00000010000000000000
 271		  1306	Not Found	0.00000010000000000000
 272		  2211	Not Found	0.00000020000000000000
 273		  7905	Not Found	0.00000020000000000000
 274		  4616	Not Found	0.00000020000000000000
 275		  6234	Not Found	0.00000010000000000000
 276		  5250	Not Found	0.00000010000000000000
 277		  7007	  3488	0.00000010000000000000
 278		  6904	Not Found	0.00000020000000000000
 279		   268	Not Found	0.00000020000000000000
 280		  2017	Not Found	0.00000010000000000000
 281		   927	   544	0.00000020000000000000
 282		  3231	  1625	0.00000010000000000000
 283		  2342	  1201	0.00000010000000000000
 284		  1968	Not Found	0.00000020000000000000
 285		   738	   459	0.00000010000000000000
 286		  1801	Not Found	0.00000020000000000000
 287		  3147	Not Found	0.00000010000000000000
 288		  1616	Not Found	0.00000010000000000000
 289		  7058	Not Found	0.00000010000000000000
 290		  2699	  1375	0.00000010000000000000
 291		  5972	  2959	0.00000010000000000000
 292		   266	   167	0.00000010000000000000
 293		  7461	Not Found	0.00000020000000000000
 294		  3855	  1930	0.00000020000000000000
 295		  2640	Not Found	0.00000010000000000000
 296		  3520	  1758	0.00000010000000000000
 297		  7236	Not Found	0.00000010000000000000
 298		  7532	  3751	0.00000010000000000000
 299		  3465	  1728	0.00000010000000000000
 300		   740	   461	0.00000010000000000000
 301		  6381	Not Found	0.00000020000000000000
 302		  2938	  1492	0.00000010000000000000
 303		  5898	  2924	0.00000010000000000000
 304		  4903	  2434	0.00000010000000000000
 305		  7446	Not Found	0.00000010000000000000
 306		  1124	Not Found	0.00000010000000000000
 307		  6301	  3122	0.00000010000000000000
 308		  1205	Not Found	0.00000010000000000000
 309		  5907	Not Found	0.00000010000000000000
 310		   254	Not Found	0.00000010000000000000
 311		  6169	Not Found	0.00000010000000000000
 312		  3743	  1876	0.00000020000000000000
 313		  4729	  2347	0.00000020000000000000
 314		  3865	  1936	0.00000010000000000000
 315		  6749	Not Found	0.00000010000000000000
 316		  1432	   787	0.00000010000000000000
 317		  6212	Not Found	0.00000010000000000000
 318		  2965	Not Found	0.00000020000000000000
 319		  6614	  3264	0.00000010000000000000
 320		  7845	Not Found	0.00000010000000000000
 321		  2294	Not Found	0.00000010000000000000
 322		   439	   264	0.00000010000000000000
 323		  4615	Not Found	0.00000010000000000000
 324		  1679	   905	0.00000010000000000000
 325		  7041	  3502	0.00000010000000000000
 326		   763	Not Found	0.00000020000000000000
 327		   137	Not Found	0.00000010000000000000
 328		  4251	  2121	0.00000010000000000000
 329		  7719	Not Found	0.00000010000000000000
 330		  6892	Not Found	0.00000010000000000000
 331		  2320	  1190	0.00000010000000000000
 332		  1915	Not Found	0.00000010000000000000
 333		  5856	Not Found	0.00000020000000000000
 334		  4529	Not Found	0.00000010000000000000
 335		  4785	Not Found	0.00000020000000000000
 336		   454	   275	0.00000020000000000000
 337		  4412	  2213	0.00000010000000000000
 338		  7658	Not Found	0.00000010000000000000
 339		   609	Not Found	0.00000010000000000000
 340		   550	Not Found	0.00000010000000000000
 341		   905	Not Found	0.00000010000000000000
 342		  2940	  1495	0.00000010000000000000
 343		   384	   233	0.00000010000000000000
 344		  4625	  2291	0.00000010000000000000
 345		  1847	   973	0.00000020000000000000
 346		  5288	Not Found	0.00000020000000000000
 347		  1814	Not Found	0.00000010000000000000
 348		   314	Not Found	0.00000020000000000000
 349		  4794	Not Found	0.00000020000000000000
 350		   867	   521	0.00000010000000000000
 351		  2588	  1311	0.00000010000000000000
 352		  1928	Not Found	0.00000020000000000000
 353		  4912	Not Found	0.00000010000000000000
 354		  7970	Not Found	0.00000020000000000000
 355		  2686	Not Found	0.00000010000000000000
 356		   711	   437	0.00000020000000000000
 357		  6980	Not Found	0.00000010000000000000
 358		  5556	Not Found	0.00000020000000000000
 359		  7711	Not Found	0.00000010000000000000
 360		  3869	  1939	0.00000010000000000000
 361		  1874	Not Found	0.00000010000000000000
 362		  2836	Not Found	0.00000010000000000000
 363		   925	   543	0.00000010000000000000
 364		  1792	   960	0.00000010000000000000
 365		  2764	Not Found	0.00000010000000000000
 366		   447	   269	0.00000010000000000000
 367		  7895	Not Found	0.00000010000000000000
 368		  4967	Not Found	0.00000020000000000000
 369		  4380	Not Found	0.00000020000000000000
 370		  2755	  1408	0.00000010000000000000
 371		  4973	Not Found	0.00000010000000000000
 372		  5566	Not Found	0.00000010000000000000
 373		  5514	Not Found	0.00000020000000000000
 374		  3545	Not Found	0.00000010000000000000
 375		  3207	Not Found	0.00000020000000000000
 376		  5662	Not Found	0.00000020000000000000
 377		  1313	Not Found	0.00000020000000000000
 378		  3060	Not Found	0.00000020000000000000
 379		  1817	Not Found	0.00000010000000000000
 380		  3964	  1987	0.00000010000000000000
 381		  3085	  1550	0.00000010000000000000
 382		  5594	Not Found	0.00000010000000000000
 383		   229	   146	0.00000010000000000000
 384		  6113	  3043	0.00000010000000000000
 385		  5896	  2922	0.00000010000000000000
 386		  3763	  1882	0.00000010000000000000
 387		  6657	Not Found	0.00000010000000000000
 388		  5210	  2590	0.00000010000000000000
 389		  7157	  3563	0.00000010000000000000
 390		  7711	Not Found	0.00000020000000000000
 391		  6042	Not Found	0.00000010000000000000
 392		  6064	  3013	0.00000010000000000000
 393		  1292	   729	0.00000010000000000000
 394		  7245	Not Found	0.00000010000000000000
 395		  5369	Not Found	0.00000020000000000000
 396		  2906	Not Found	0.00000020000000000000
 397		  7224	  3603	0.00000010000000000000
 398		  1290	   727	0.00000010000000000000
 399		  7621	Not Found	0.00000010000000000000
 400		  6066	Not Found	0.00000010000000000000
 401		  6973	Not Found	0.00000010000000000000
 402		  6358	  3149	0.00000010000000000000
 403		  5450	  2715	0.00000020000000000000
 404		  4902	Not Found	0.00000010000000000000
 405		  6750	Not Found	0.00000010000000000000
 406		  1213	   685	0.00000010000000000000
 407		  1400	Not Found	0.00000020000000000000
 408		  6000	Not Found	0.00000020000000000000
 409		  2814	Not Found	0.00000020000000000000
 410		  1380	   767	0.00000010000000000000
 411		  1583	Not Found	0.00000020000000000000
 412		  3336	Not Found	0.00000020000000000000
 413		  4421	Not Found	0.00000020000000000000
 414		  5027	  2489	0.00000020000000000000
 415		  3321	Not Found	0.00000010000000000000
 416		  2328	Not Found	0.00000010000000000000
 417		   581	   367	0.00000010000000000000
 418		   466	   286	0.00000010000000000000
 419		  2776	  1416	0.00000010000000000000
 420		  7088	Not Found	0.00000010000000000000
 421		  5726	Not Found	0.00000020000000000000
 422		    39	Not Found	0.00000020000000000000
 423		  3971	Not Found	0.00000020000000000000
 424		  6971	Not Found	0.00000010000000000000
 425		  7455	Not Found	0.00000010000000000000
 426		   639	Not Found	0.00000010000000000000
 427		  7211	Not Found	0.00000010000000000000
 428		   625	Not Found	0.00000010000000000000
 429		   557	   346	0.00000010000000000000
 430		  3450	Not Found	0.00000010000000000000
 431		  7746	  3857	0.00000010000000000000
 432		  5519	Not Found	0.00000020000000000000
 433		  3241	Not Found	0.00000020000000000000
 434		   588	Not Found	0.00000010000000000000
 435		  3710	Not Found	0.00000020000000000000
 436		  4804	Not Found	0.00000020000000000000
 437		  5133	Not Found	0.00000020000000000000
 438		  5649	Not Found	0.00000010000000000000
 439		  2650	  1349	0.00000010000000000000
 440		  7534	Not Found	0.00000010000000000000
 441		   855	Not Found	0.00000000000000000000
 442		  5089	Not Found	0.00000010000000000000
 443		  2015	Not Found	0.00000010000000000000
 444		  5444	  2711	0.00000010000000000000
 445		  3178	  1600	0.00000000000000000000
 446		  4069	Not Found	0.00000010000000000000
 447		   417	   251	0.00000010000000000000
 448		  7253	  3613	0.00000020000000000000
 449		  5425	  2701	0.00000010000000000000
 450		  4905	Not Found	0.00000010000000000000
 451		  5068	  2510	0.00000010000000000000
 452		  1393	Not Found	0.00000010000000000000
 453		  4037	Not Found	0.00000010000000000000
 454		  6066	Not Found	0.00000010000000000000
 455		    33	Not Found	0.00000020000000000000
 456		  6246	Not Found	0.00000010000000000000
 457		  2193	Not Found	0.00000010000000000000
 458		  4945	Not Found	0.00000020000000000000
 459		  6395	Not Found	0.00000020000000000000
 460		  5614	  2789	0.00000010000000000000
 461		  3892	Not Found	0.00000020000000000000
 462		  2040	  1061	0.00000020000000000000
 463		  1751	   938	0.00000020000000000000
 464		   614	Not Found	0.00000020000000000000
 465		  4582	Not Found	0.00000010000000000000
 466		  5901	Not Found	0.00000010000000000000
 467		  5971	  2958	0.00000010000000000000
 468		  2050	Not Found	0.00000010000000000000
 469		  4383	  2196	0.00000010000000000000
 470		   509	   308	0.00000010000000000000
 471		  2806	  1430	0.00000010000000000000
 472		  5375	  2678	0.00000010000000000000
 473		  5364	Not Found	0.00000020000000000000
 474		  5203	  2584	0.00000010000000000000
 475		  7025	Not Found	0.00000010000000000000
 476		  3674	Not Found	0.00000010000000000000
 477		  4931	Not Found	0.00000010000000000000
 478		  7113	Not Found	0.00000020000000000000
 479		  6692	Not Found	0.00000010000000000000
 480		  4480	Not Found	0.00000010000000000000
 481		  2770	Not Found	0.00000010000000000000
 482		  6237	Not Found	0.00000020000000000000
 483		  3940	  1980	0.00000020000000000000
 484		  6469	Not Found	0.00000010000000000000
 485		  3251	Not Found	0.00000010000000000000
 486		  4648	Not Found	0.00000010000000000000
 487		  4156	  2073	0.00000010000000000000
 488		  1688	Not Found	0.00000010000000000000
 489		  4459	Not Found	0.00000020000000000000
 490		  2732	  1391	0.00000020000000000000
 491		  6641	  3283	0.00000010000000000000
 492		   439	   264	0.00000010000000000000
 493		   787	Not Found	0.00000020000000000000
 494		  5036	Not Found	0.00000020000000000000
 495		  3275	Not Found	0.00000010000000000000
 496		  4319	Not Found	0.00000010000000000000
 497		  2749	  1403	0.00000010000000000000
 498		  6464	  3195	0.00000010000000000000
 499		  6992	Not Found	0.00000010000000000000
 500		  5319	Not Found	0.00000010000000000000
 501		    27	    11	0.00000010000000000000
 502		  5544	  2764	0.00000010000000000000
 503		  4947	Not Found	0.00000010000000000000
 504		  2317	Not Found	0.00000010000000000000
 505		  4317	  2162	0.00000010000000000000
 506		   609	Not Found	0.00000010000000000000
 507		  3373	Not Found	0.00000020000000000000
 508		  6705	  3314	0.00000010000000000000
 509		  4762	  2366	0.00000010000000000000
 510		  5110	  2537	0.00000010000000000000
 511		  2251	Not Found	0.00000010000000000000
 512		  4353	  2180	0.00000010000000000000
 513		  4081	  2031	0.00000010000000000000
 514		  4569	  2272	0.00000010000000000000
 515		  7273	  3622	0.00000020000000000000
 516		  1492	Not Found	0.00000020000000000000
 517		  6192	Not Found	0.00000000000000000000
 518		  6130	Not Found	0.00000020000000000000
 519		   732	   453	0.00000010000000000000
 520		  1083	Not Found	0.00000010000000000000
 521		  6324	  3135	0.00000010000000000000
 522		  1975	Not Found	0.00000010000000000000
 523		  7446	Not Found	0.00000010000000000000
 524		  6965	  3470	0.00000010000000000000
 525		  5842	  2894	0.00000010000000000000
 526		  2365	  1215	0.00000010000000000000
 527		   422	   256	0.00000010000000000000
 528		  7586	Not Found	0.00000010000000000000
 529		  4150	  2068	0.00000010000000000000
 530		  2317	Not Found	0.00000010000000000000
 531		  6078	Not Found	0.00000010000000000000
 532		  5818	Not Found	0.00000010000000000000
 533		  5258	  2606	0.00000010000000000000
 534		  5691	Not Found	0.00000010000000000000
 535		  6009	  2983	0.00000010000000000000
 536		  3135	  1576	0.00000010000000000000
 537		   346	Not Found	0.00000010000000000000
 538		   371	   218	0.00000010000000000000
 539		  7132	  3548	0.00000010000000000000
 540		  1584	Not Found	0.00000020000000000000
 541		  3253	Not Found	0.00000010000000000000
 542		  5269	  2616	0.00000010000000000000
 543		  6429	Not Found	0.00000010000000000000
 544		   896	Not Found	0.00000010000000000000
 545		  7638	  3804	0.00000010000000000000
 546		  7875	Not Found	0.00000020000000000000
 547		  5793	Not Found	0.00000020000000000000
 548		     7	Not Found	0.00000020000000000000
 549		  7492	Not Found	0.00000010000000000000
 550		  5112	  2539	0.00000010000000000000
 551		  3082	Not Found	0.00000020000000000000
 552		  6198	  3078	0.00000020000000000000
 553		  5750	  2854	0.00000010000000000000
 554		  3291	Not Found	0.00000010000000000000
 555		  7921	Not Found	0.00000010000000000000
 556		  7120	  3543	0.00000010000000000000
 557		  4859	Not Found	0.00000020000000000000
 558		  1747	Not Found	0.00000020000000000000
 559		   688	   425	0.00000010000000000000
 560		   279	Not Found	0.00000010000000000000
 561		  2009	Not Found	0.00000010000000000000
 562		  2142	Not Found	0.00000010000000000000
 563		   612	   378	0.00000010000000000000
 564		  5893	  2920	0.00000010000000000000
 565		  1076	Not Found	0.00000020000000000000
 566		  7517	Not Found	0.00000010000000000000
 567		  2161	Not Found	0.00000010000000000000
 568		  5053	  2504	0.00000010000000000000
 569		  2738	  1394	0.00000010000000000000
 570		  3890	  1950	0.00000010000000000000
 571		  4614	Not Found	0.00000010000000000000
 572		   193	   117	0.00000010000000000000
 573		  5725	Not Found	0.00000010000000000000
 574		   589	Not Found	0.00000010000000000000
 575		   418	   252	0.00000010000000000000
 576		  7653	Not Found	0.00000010000000000000
 577		  3913	  1963	0.00000010000000000000
 578		  2307	Not Found	0.00000020000000000000
 579		  2774	Not Found	0.00000020000000000000
 580		   388	   234	0.00000010000000000000
 581		  4982	Not Found	0.00000010000000000000
 582		  7521	Not Found	0.00000010000000000000
 583		  5453	  2717	0.00000010000000000000
 584		  3249	Not Found	0.00000010000000000000
 585		  3511	  1749	0.00000000000000000000
 586		   703	Not Found	0.00000010000000000000
 587		  1419	   780	0.00000000000000000000
 588		  2737	Not Found	0.00000010000000000000
 589		  6676	Not Found	0.00000020000000000000
 590		  4696	Not Found	0.00000020000000000000
 591		  1266	Not Found	0.00000010000000000000
 592		  7015	Not Found	0.00000010000000000000
 593		  4974	Not Found	0.00000020000000000000
 594		    24	Not Found	0.00000010000000000000
 595		   522	   318	0.00000010000000000000
 596		  7951	Not Found	0.00000020000000000000
 597		  5217	Not Found	0.00000010000000000000
 598		  6007	Not Found	0.00000010000000000000
 599		  1729	Not Found	0.00000020000000000000
 600		  7279	Not Found	0.00000010000000000000
 601		  6831	Not Found	0.00000010000000000000
 602		  7814	  3893	0.00000010000000000000
 603		  5745	Not Found	0.00000020000000000000
 604		  6475	  3198	0.00000010000000000000
 605		  5466	Not Found	0.00000010000000000000
 606		  7559	Not Found	0.00000010000000000000
 607		  4642	  2298	0.00000010000000000000
 608		  3545	Not Found	0.00000010000000000000
 609		  1425	   785	0.00000010000000000000
 610		  6658	  3293	0.00000010000000000000
 611		  6800	Not Found	0.00000010000000000000
 612		   308	   189	0.00000010000000000000
 613		  1999	  1039	0.00000010000000000000
 614		  2773	  1415	0.00000010000000000000
 615		  6254	Not Found	0.00000020000000000000
 616		  2132	Not Found	0.00000010000000000000
 617		  7809	Not Found	0.00000020000000000000
 618		  4876	  2422	0.00000010000000000000
 619		  4138	Not Found	0.00000020000000000000
 620		  1406	Not Found	0.00000020000000000000
 621		  7335	Not Found	0.00000010000000000000
 622		  4978	  2465	0.00000010000000000000
 623		  5043	Not Found	0.00000010000000000000
 624		  5624	  2794	0.00000010000000000000
 625		  7740	Not Found	0.00000010000000000000
 626		  7462	  3715	0.00000010000000000000
 627		  5049	Not Found	0.00000010000000000000
 628		  6464	  3195	0.00000010000000000000
 629		  5849	  2898	0.00000010000000000000
 630		  1009	Not Found	0.00000010000000000000
 631		  2740	Not Found	0.00000010000000000000
 632		  7933	Not Found	0.00000020000000000000
 633		  5847	Not Found	0.00000010000000000000
 634		  5590	  2781	0.00000020000000000000
 635		   999	Not Found	0.00000010000000000000
 636		  2742	  1396	0.00000010000000000000
 637		  2804	  1429	0.00000010000000000000
 638		  5227	  2599	0.00000010000000000000
 639		  3686	Not Found	0.00000010000000000000
 640		  3010	Not Found	0.00000020000000000000
 641		   119	Not Found	0.00000020000000000000
 642		  7592	Not Found	0.00000020000000000000
 643		  7766	  3866	0.00000010000000000000
 644		   576	Not Found	0.00000010000000000000
 645		  7383	  3674	0.00000010000000000000
 646		  4542	Not Found	0.00000010000000000000
 647		  1588	Not Found	0.00000010000000000000
 648		  7496	  3731	0.00000010000000000000
 649		  5658	Not Found	0.00000010000000000000
 650		  3881	  1945	0.00000010000000000000
 651		  4824	Not Found	0.00000020000000000000
 652		  6625	  3276	0.00000010000000000000
 653		   378	Not Found	0.00000010000000000000
 654		  5385	Not Found	0.00000010000000000000
 655		  3067	Not Found	0.00000010000000000000
 656		  5620	  2792	0.00000010000000000000
 657		  4428	  2222	0.00000010000000000000
 658		  3822	  1908	0.00000020000000000000
 659		   439	   264	0.00000010000000000000
 660		  6272	  3108	0.00000010000000000000
 661		  6947	Not Found	0.00000010000000000000
 662		  6322	  3133	0.00000010000000000000
 663		  7375	Not Found	0.00000010000000000000
 664		   656	Not Found	0.00000010000000000000
 665		  6899	Not Found	0.00000010000000000000
 666		  2379	Not Found	0.00000010000000000000
 667		  1391	   769	0.00000010000000000000
 668		  3370	  1687	0.00000020000000000000
 669		  1266	Not Found	0.00000010000000000000
 670		  4896	Not Found	0.00000010000000000000
 671		  3829	  1911	0.00000010000000000000
 672		  4938	Not Found	0.00000010000000000000
 673		  2756	Not Found	0.00000010000000000000
 674		  1948	Not Found	0.00000010000000000000
 675		  7343	  3651	0.00000020000000000000
 676		  1294	Not Found	0.00000020000000000000
 677		  1942	  1020	0.00000010000000000000
 678		  5825	Not Found	0.00000020000000000000
 679		   487	   296	0.00000010000000000000
 680		  7667	  3820	0.00000020000000000000
 681		  6730	Not Found	0.00000010000000000000
 682		  1664	Not Found	0.00000020000000000000
 683		  4765	  2368	0.00000020000000000000
 684		  4416	  2215	0.00000010000000000000
 685		    85	Not Found	0.00000010000000000000
 686		   966	Not Found	0.00000020000000000000
 687		    83	    41	0.00000010000000000000
 688		  2497	  1283	0.00000010000000000000
 689		  1510	   823	0.00000010000000000000
 690		  1880	   988	0.00000010000000000000
 691		  6095	  3031	0.00000020000000000000
 692		  4279	Not Found	0.00000020000000000000
 693		   457	   280	0.00000010000000000000
 694		  7842	  3911	0.00000010000000000000
 695		  6748	  3338	0.00000010000000000000
 696		  2766	  1414	0.00000010000000000000
 697		  5450	  2715	0.00000020000000000000
 698		  3212	Not Found	0.00000010000000000000
 699		  7250	Not Found	0.00000010000000000000
 700		  7567	Not Found	0.00000010000000000000
 701		  2653	  1351	0.00000010000000000000
 702		  2895	  1471	0.00000010000000000000
 703		  7511	Not Found	0.00000010000000000000
 704		   663	   408	0.00000020000000000000
 705		  2749	  1403	0.00000010000000000000
 706		  3975	Not Found	0.00000010000000000000
 707		  5286	Not Found	0.00000010000000000000
 708		  4936	Not Found	0.00000010000000000000
 709		  4756	Not Found	0.00000020000000000000
 710		  7113	Not Found	0.00000020000000000000
 711		  1679	   905	0.00000010000000000000
 712		  1726	Not Found	0.00000010000000000000
 713		  1051	Not Found	0.00000010000000000000
 714		  5110	  2537	0.00000010000000000000
 715		  3327	Not Found	0.00000010000000000000
 716		  7173	  3572	0.00000010000000000000
 717		  3778	Not Found	0.00000020000000000000
 718		  6864	  3404	0.00000020000000000000
 719		  4226	  2111	0.00000020000000000000
 720		   969	   561	0.00000010000000000000
 721		  1810	Not Found	0.00000020000000000000
 722		   589	Not Found	0.00000010000000000000
 723		  1350	Not Found	0.00000010000000000000
 724		  7757	Not Found	0.00000010000000000000
 725		  6289	Not Found	0.00000010000000000000
 726		  4650	Not Found	0.00000010000000000000
 727		  5666	  2814	0.00000010000000000000
 728		    32	Not Found	0.00000010000000000000
 729		  2854	  1445	0.00000020000000000000
 730		  7298	  3633	0.00000010000000000000
 731		  7446	Not Found	0.00000010000000000000
 732		   141	Not Found	0.00000020000000000000
 733		  3965	  1988	0.00000010000000000000
 734		  5343	  2662	0.00000010000000000000
 735		  6101	Not Found	0.00000010000000000000
 736		  6739	  3331	0.00000010000000000000
 737		  5869	Not Found	0.00000010000000000000
 738		  3792	Not Found	0.00000010000000000000
 739		  5888	  2915	0.00000020000000000000
 740		  6037	Not Found	0.00000020000000000000
 741		  7640	Not Found	0.00000010000000000000
 742		  1148	Not Found	0.00000020000000000000
 743		  7285	Not Found	0.00000010000000000000
 744		  3665	  1832	0.00000020000000000000
 745		   531	   328	0.00000010000000000000
 746		  4981	  2467	0.00000000000000000000
 747		  2888	  1468	0.00000020000000000000
 748		  4118	Not Found	0.00000010000000000000
 749		  2440	  1257	0.00000010000000000000
 750		  2640	Not Found	0.00000010000000000000
 751		  6096	  3032	0.00000010000000000000
 752		  5426	Not Found	0.00000010000000000000
 753		  6040	Not Found	0.00000020000000000000
 754		  6773	  3354	0.00000010000000000000
 755		  6694	Not Found	0.00000010000000000000
 756		  7274	  3623	0.00000010000000000000
 757		  4164	  2078	0.00000020000000000000
 758		   690	Not Found	0.00000010000000000000
 759		  5865	  2908	0.00000010000000000000
 760		  4975	Not Found	0.00000010000000000000
 761		  3277	Not Found	0.00000020000000000000
 762		  4181	Not Found	0.00000010000000000000
 763		  3398	Not Found	0.00000010000000000000
 764		  7501	Not Found	0.00000010000000000000
 765		  1242	Not Found	0.00000020000000000000
 766		  1081	Not Found	0.00000020000000000000
 767		  4662	Not Found	0.00000010000000000000
 768		   932	   545	0.00000010000000000000
 769		  7003	Not Found	0.00000010000000000000
 770		   160	Not Found	0.00000020000000000000
 771		  1991	Not Found	0.00000010000000000000
 772		   732	   453	0.00000010000000000000
 773		  5612	Not Found	0.00000010000000000000
 774		  7234	Not Found	0.00000020000000000000
 775		  1120	   635	0.00000010000000000000
 776		  6229	  3093	0.00000010000000000000
 777		  3132	  1574	0.00000020000000000000
 778		  7909	  3948	0.00000010000000000000
 779		  5439	Not Found	0.00000010000000000000
 780		  1309	   739	0.00000010000000000000
 781		  2862	  1450	0.00000010000000000000
 782		  4718	Not Found	0.00000020000000000000
 783		  1990	Not Found	0.00000010000000000000
 784		  7014	  3490	0.00000010000000000000
 785		  3263	Not Found	0.00000010000000000000
 786		  3895	  1956	0.00000010000000000000
 787		  5622	Not Found	0.00000010000000000000
 788		  3767	  1883	0.00000010000000000000
 789		  7466	Not Found	0.00000010000000000000
 790		  5857	  2901	0.00000000000000000000
 791		  5242	Not Found	0.00000010000000000000
 792		  5025	Not Found	0.00000010000000000000
 793		  2312	Not Found	0.00000010000000000000
 794		  3116	Not Found	0.00000010000000000000
 795		  3367	Not Found	0.00000020000000000000
 796		  6581	Not Found	0.00000020000000000000
 797		  3260	  1638	0.00000010000000000000
 798		  7044	Not Found	0.00000020000000000000
 799		  5186	  2574	0.00000010000000000000
 800		  2996	Not Found	0.00000020000000000000
 801		  5390	  2685	0.00000010000000000000
 802		  2782	Not Found	0.00000020000000000000
 803		   515	   311	0.00000000000000000000
 804		  1223	Not Found	0.00000010000000000000
 805		  1494	Not Found	0.00000010000000000000
 806		  4932	  2447	0.00000010000000000000
 807		  4696	Not Found	0.00000010000000000000
 808		  1072	Not Found	0.00000010000000000000
 809		  7772	  3874	0.00000010000000000000
 810		  7469	  3721	0.00000010000000000000
 811		  7981	  3992	0.00000010000000000000
 812		  6401	Not Found	0.00000020000000000000
 813		  7037	  3499	0.00000000000000000000
 814		  4241	Not Found	0.00000020000000000000
 815		  6827	Not Found	0.00000010000000000000
 816		  4556	  2268	0.00000010000000000000
 817		  4432	Not Found	0.00000010000000000000
 818		  1595	Not Found	0.00000020000000000000
 819		  2942	Not Found	0.00000010000000000000
 820		  6234	Not Found	0.00000010000000000000
 821		  5386	Not Found	0.00000020000000000000
 822		  1376	   766	0.00000020000000000000
 823		   156	    95	0.00000020000000000000
 824		  6368	Not Found	0.00000010000000000000
 825		  7135	  3550	0.00000010000000000000
 826		  5999	  2979	0.00000010000000000000
 827		  2627	Not Found	0.00000010000000000000
 828		  2222	Not Found	0.00000010000000000000
 829		  5994	  2973	0.00000010000000000000
 830		  6121	Not Found	0.00000020000000000000
 831		  5825	Not Found	0.00000010000000000000
 832		  7594	Not Found	0.00000010000000000000
 833		  6159	Not Found	0.00000020000000000000
 834		  4467	Not Found	0.00000020000000000000
 835		  4922	Not Found	0.00000010000000000000
 836		  6077	Not Found	0.00000010000000000000
 837		  1311	   741	0.00000010000000000000
 838		  6826	  3383	0.00000010000000000000
 839		  4454	Not Found	0.00000020000000000000
 840		   140	Not Found	0.00000020000000000000
 841		   188	   112	0.00000010000000000000
 842		  5110	  2537	0.00000010000000000000
 843		  4825	Not Found	0.00000020000000000000
 844		  2346	  1205	0.00000010000000000000
 845		  7229	Not Found	0.00000010000000000000
 846		  2146	  1115	0.00000010000000000000
 847		  1991	Not Found	0.00000010000000000000
 848		  5323	Not Found	0.00000010000000000000
 849		    84	    43	0.00000020000000000000
 850		  2155	Not Found	0.00000010000000000000
 851		   775	Not Found	0.00000010000000000000
 852		  1276	   723	0.00000010000000000000
 853		  5549	Not Found	0.00000010000000000000
 854		  7190	Not Found	0.00000010000000000000
 855		  6359	Not Found	0.00000010000000000000
 856		  7634	Not Found	0.00000010000000000000
 857		  6042	Not Found	0.00000010000000000000
 858		  5831	Not Found	0.00000010000000000000
 859		  2529	Not Found	0.00000010000000000000
 860		  7329	  3645	0.00000010000000000000
 861		  4462	Not Found	0.00000020000000000000
 862		  1296	Not Found	0.00000010000000000000
 863		  2428	Not Found	0.00000010000000000000
 864		  4142	  2062	0.00000010000000000000
 865		  3558	Not Found	0.00000020000000000000
 866		  7431	  3701	0.00000010000000000000
 867		  7990	  3994	0.00000010000000000000
 868		  5158	Not Found	0.00000020000000000000
 869		   591	   372	0.00000010000000000000
 870		  3291	Not Found	0.00000010000000000000
 871		  6993	Not Found	0.00000010000000000000
 872		  4752	Not Found	0.00000020000000000000
 873		  2467	  1270	0.00000010000000000000
 874		  4456	  2234	0.00000010000000000000
 875		  3595	  1803	0.00000010000000000000
 876		  7232	Not Found	0.00000010000000000000
 877		  7670	Not Found	0.00000020000000000000
 878		   392	   237	0.00000010000000000000
 879		  7331	Not Found	0.00000020000000000000
 880		  4109	Not Found	0.00000020000000000000
 881		  3408	  1707	0.00000010000000000000
 882		  7725	  3850	0.00000010000000000000
 883		  5784	  2869	0.00000010000000000000
 884		  7558	  3762	0.00000010000000000000
 885		  7388	  3678	0.00000010000000000000
 886		  6572	Not Found	0.00000010000000000000
 887		  5300	  2638	0.00000020000000000000
 888		  7137	Not Found	0.00000010000000000000
 889		  1217	Not Found	0.00000010000000000000
 890		  6556	Not Found	0.00000010000000000000
 891		  1737	   934	0.00000010000000000000
 892		  2100	Not Found	0.00000010000000000000
 893		  5646	Not Found	0.00000010000000000000
 894		  2272	Not Found	0.00000010000000000000
 895		  4539	Not Found	0.00000010000000000000
 896		  5736	Not Found	0.00000020000000000000
 897		  4187	Not Found	0.00000010000000000000
 898		    65	Not Found	0.00000020000000000000
 899		  6270	Not Found	0.00000010000000000000
 900		   234	   150	0.00000010000000000000
 901		  6829	Not Found	0.00000010000000000000
 902		  7424	Not Found	0.00000010000000000000
 903		  7841	Not Found	0.00000010000000000000
 904		  3747	  1877	0.00000010000000000000
 905		  3355	  1680	0.00000010000000000000
 906		   234	   150	0.00000020000000000000
 907		  1996	  1038	0.00000010000000000000
 908		  6443	  3179	0.00000020000000000000
 909		  2095	Not Found	0.00000010000000000000
 910		  2732	  1391	0.00000010000000000000
 911		  3781	  1890	0.00000010000000000000
 912		  2617	Not Found	0.00000010000000000000
 913		  6415	  3164	0.00000010000000000000
 914		  6633	Not Found	0.00000020000000000000
 915		  5945	Not Found	0.00000010000000000000
 916		  6110	  3039	0.00000010000000000000
 917		  4765	  2368	0.00000010000000000000
 918		  6282	Not Found	0.00000010000000000000
 919		   122	Not Found	0.00000010000000000000
 920		  6708	  3315	0.00000010000000000000
 921		  6427	  3172	0.00000010000000000000
 922		  4757	Not Found	0.00000010000000000000
 923		  3460	  1726	0.00000010000000000000
 924		  1873	   983	0.00000010000000000000
 925		  5267	  2613	0.00000020000000000000
 926		  4546	Not Found	0.00000020000000000000
 927		  1860	Not Found	0.00000010000000000000
 928		  3456	Not Found	0.00000010000000000000
 929		  3766	Not Found	0.00000020000000000000
 930		  3402	Not Found	0.00000010000000000000
 931		  1627	   886	0.00000020000000000000
 932		  6065	  3014	0.00000000000000000000
 933		  2563	Not Found	0.00000010000000000000
 934		  4416	  2215	0.00000020000000000000
 935		   223	   139	0.00000010000000000000
 936		  2415	Not Found	0.00000020000000000000
 937		  4714	  2344	0.00000010000000000000
 938		  5348	Not Found	0.00000010000000000000
 939		   738	   459	0.00000010000000000000
 940		  2963	Not Found	0.00000020000000000000
 941		  5746	Not Found	0.00000020000000000000
 942		  4406	Not Found	0.00000020000000000000
 943		  5048	Not Found	0.00000020000000000000
 944		  2999	Not Found	0.00000010000000000000
 945		   536	Not Found	0.00000010000000000000
 946		  4616	Not Found	0.00000010000000000000
 947		  1779	Not Found	0.00000010000000000000
 948		  2030	  1054	0.00000010000000000000
 949		  5816	Not Found	0.00000020000000000000
 950		  6871	Not Found	0.00000010000000000000
 951		  6129	  3050	0.00000010000000000000
 952		  7090	Not Found	0.00000010000000000000
 953		  2097	Not Found	0.00000010000000000000
 954		  4891	Not Found	0.00000010000000000000
 955		  6681	Not Found	0.00000020000000000000
 956		  6814	Not Found	0.00000010000000000000
 957		  5317	  2645	0.00000010000000000000
 958		  4637	Not Found	0.00000010000000000000
 959		  4257	Not Found	0.00000010000000000000
 960		  4830	  2397	0.00000010000000000000
 961		  3134	Not Found	0.00000010000000000000
 962		  5577	Not Found	0.00000010000000000000
 963		  3539	Not Found	0.00000010000000000000
 964		  1315	Not Found	0.00000010000000000000
 965		  6295	Not Found	0.00000010000000000000
 966		  2180	  1127	0.00000010000000000000
 967		  7058	Not Found	0.00000010000000000000
 968		  5723	  2846	0.00000010000000000000
 969		  3225	Not Found	0.00000010000000000000
 970		  2879	Not Found	0.00000010000000000000
 971		  5848	Not Found	0.00000020000000000000
 972		  2144	Not Found	0.00000020000000000000
 973		  5061	Not Found	0.00000010000000000000
 974		  1677	   903	0.00000010000000000000
 975		  4225	Not Found	0.00000010000000000000
 976		  2927	Not Found	0.00000020000000000000
 977		  4786	Not Found	0.00000010000000000000
 978		  6513	  3213	0.00000010000000000000
 979		  7885	Not Found	0.00000010000000000000
 980		  2013	Not Found	0.00000020000000000000
 981		  7415	Not Found	0.00000020000000000000
 982		   380	   228	0.00000020000000000000
 983		  4321	  2163	0.00000010000000000000
 984		  3013	Not Found	0.00000010000000000000
 985		  5003	Not Found	0.00000010000000000000
 986		  6358	  3149	0.00000010000000000000
 987		  2000	Not Found	0.00000010000000000000
 988		  1157	Not Found	0.00000020000000000000
 989		  2987	Not Found	0.00000010000000000000
 990		  7322	Not Found	0.00000010000000000000
 991		  3289	  1650	0.00000010000000000000
 992		  2602	  1321	0.00000010000000000000
 993		   252	Not Found	0.00000010000000000000
 994		  5671	  2818	0.00000010000000000000
 995		  6193	Not Found	0.00000010000000000000
 996		  5480	Not Found	0.00000010000000000000
 997		   498	Not Found	0.00000020000000000000
 998		  2419	  1243	0.00000010000000000000
 999		  6658	  3293	0.00000010000000000000
1000		  4623	Not Found	0.00000010000000000000
