BINARY SEARCH ANALYSIS
Array Size = 10000
-------------------------------------------
Iteration	Key	Index	Time (sec)
-------------------------------------------
   1		  7708	  4761	0.00000020000000000000
   2		 10665	Not Found	0.00000010000000000000
   3		 12486	Not Found	0.00000010000000000000
   4		  4694	Not Found	0.00000020000000000000
   5		 11588	  7094	0.00000010000000000000
   6		 16075	Not Found	0.00000020000000000000
   7		 16748	Not Found	0.00000010000000000000
   8		 10395	Not Found	0.00000020000000000000
   9		  9739	Not Found	0.00000010000000000000
  10		  5841	Not Found	0.00000010000000000000
  11		  1456	Not Found	0.00000010000000000000
  12		  3661	  2208	0.00000010000000000000
  13		 10623	Not Found	0.00000010000000000000
  14		  6168	  3776	0.00000010000000000000
  15		  7434	Not Found	0.00000010000000000000
  16		 14094	Not Found	0.00000010000000000000
  17		  4325	Not Found	0.00000020000000000000
  18		  9545	Not Found	0.00000020000000000000
  19		 17361	  9187	0.00000010000000000000
  20		  1138	   670	0.00000020000000000000
  21		  7732	Not Found	0.00000010000000000000
  22		 15149	Not Found	0.00000010000000000000
  23		  8598	Not Found	0.00000020000000000000
  24		   110	Not Found	0.00000020000000000000
  25		  3964	Not Found	0.00000020000000000000
  26		  2786	Not Found	0.00000010000000000000
  27		  7217	  4428	0.00000020000000000000
  28		  5485	Not Found	0.00000010000000000000
  29		  1931	Not Found	0.00000020000000000000
  30		 10638	Not Found	0.00000020000000000000
  31		  5857	Not Found	0.00000010000000000000
  32		 11237	Not Found	0.00000020000000000000
  33		  4721	Not Found	0.00000010000000000000
  34		 10803	  6603	0.00000020000000000000
  35		  2670	Not Found	0.00000010000000000000
  36		  9962	Not Found	0.00000010000000000000
  37		 16546	Not Found	0.00000020000000000000
  38		 12100	  7387	0.00000020000000000000
  39		  4464	  2716	0.00000010000000000000
  40		 11841	  7234	0.00000010000000000000
  41		  9724	  5964	0.00000020000000000000
  42		  3671	Not Found	0.00000010000000000000
  43		  2357	Not Found	0.00000020000000000000
  44		  5176	Not Found	0.00000010000000000000
  45		 14185	  8213	0.00000020000000000000
  46		  2875	  1741	0.00000010000000000000
  47		  2143	Not Found	0.00000010000000000000
  48		  2132	  1261	0.00000010000000000000
  49		 19911	Not Found	0.00000020000000000000
  50		 10828	  6624	0.00000010000000000000
  51		  2445	Not Found	0.00000010000000000000
  52		 10090	Not Found	0.00000010000000000000
  53		  3719	  2236	0.00000010000000000000
  54		 11845	Not Found	0.00000010000000000000
  55		  5788	  3548	0.00000010000000000000
  56		  9746	  5970	0.00000000000000000000
  57		  4019	  2440	0.00000010000000000000
  58		 13718	  8081	0.00000010000000000000
  59		  3340	Not Found	0.00000010000000000000
  60		  5433	Not Found	0.00000010000000000000
  61		  5587	Not Found	0.00000010000000000000
  62		 19190	Not Found	0.00000020000000000000
  63		 12487	Not Found	0.00000010000000000000
  64		 12214	Not Found	0.00000020000000000000
  65		  8593	Not Found	0.00000020000000000000
  66		   826	   496	0.00000010000000000000
  67		 15648	Not Found	0.00000020000000000000
  68		  5663	Not Found	0.00000010000000000000
  69		  6524	  4012	0.00000010000000000000
  70		 11782	Not Found	0.00000020000000000000
  71		  1657	Not Found	0.00000020000000000000
  72		  5661	Not Found	0.00000010000000000000
  73		  2954	Not Found	0.00000010000000000000
  74		 12355	  7535	0.00000020000000000000
  75		 11688	  7148	0.00000010000000000000
  76		   574	   350	0.00000010000000000000
  77		  7970	Not Found	0.00000020000000000000
  78		   530	   316	0.00000010000000000000
  79		   858	   516	0.00000010000000000000
  80		 19305	Not Found	0.00000020000000000000
  81		 12313	Not Found	0.00000020000000000000
  82		 10688	  6533	0.00000020000000000000
  83		 10263	  6270	0.00000010000000000000
  84		   983	Not Found	0.00000010000000000000
  85		  5146	  3131	0.00000020000000000000
  86		   571	Not Found	0.00000020000000000000
  87		  3977	Not Found	0.00000010000000000000
  88		  1280	   754	0.00000020000000000000
  89		  3691	  2220	0.00000020000000000000
  90		 11556	Not Found	0.00000010000000000000
  91		  1912	Not Found	0.00000020000000000000
  92		  4691	  2864	0.00000010000000000000
  93		 10894	  6677	0.00000010000000000000
  94		 12965	Not Found	0.00000010000000000000
  95		 10775	  6582	0.00000010000000000000
  96		  6859	  4210	0.00000010000000000000
  97		 12326	  7514	0.00000020000000000000
  98		 13317	Not Found	0.00000010000000000000
  99		  7397	Not Found	0.00000010000000000000
 100		  4830	Not Found	0.00000020000000000000
 101		 14011	Not Found	0.00000020000000000000
 102		 13082	Not Found	0.00000020000000000000
 103		  6028	Not Found	0.00000010000000000000
 104		  6935	Not Found	0.00000010000000000000
 105		  5151	Not Found	0.00000020000000000000
 106		  7390	  4548	0.00000020000000000000
 107		  7310	Not Found	0.00000010000000000000
 108		 11687	Not Found	0.00000010000000000000
 109		   209	   123	0.00000010000000000000
 110		  4325	Not Found	0.00000010000000000000
 111		  7265	Not Found	0.00000010000000000000
 112		 18903	  9655	0.00000010000000000000
 113		  2626	Not Found	0.00000010000000000000
 114		  1261	   740	0.00000020000000000000
 115		  7064	  4320	0.00000020000000000000
 116		  1569	Not Found	0.00000020000000000000
 117		 16951	Not Found	0.00000010000000000000
 118		 18103	Not Found	0.00000020000000000000
 119		 19333	Not Found	0.00000020000000000000
 120		 19936	Not Found	0.00000010000000000000
 121		 12110	Not Found	0.00000010000000000000
 122		   501	   303	0.00000010000000000000
 123		  5755	  3528	0.00000010000000000000
 124		 12357	Not Found	0.00000010000000000000
 125		  5988	Not Found	0.00000010000000000000
 126		  8517	Not Found	0.00000010000000000000
 127		 12025	Not Found	0.00000010000000000000
 128		  2219	Not Found	0.00000010000000000000
 129		  5110	Not Found	0.00000020000000000000
 130		  5501	Not Found	0.00000010000000000000
 131		  8900	  5498	0.00000010000000000000
 132		  4397	Not Found	0.00000010000000000000
 133		  7463	Not Found	0.00000010000000000000
 134		  6055	Not Found	0.00000020000000000000
 135		 12211	Not Found	0.00000020000000000000
 136		  7191	  4409	0.00000020000000000000
 137		  9921	  6069	0.00000010000000000000
 138		 19983	Not Found	0.00000020000000000000
 139		  7633	Not Found	0.00000010000000000000
 140		  2107	Not Found	0.00000010000000000000
 141		 11711	Not Found	0.00000010000000000000
 142		  2170	  1282	0.00000010000000000000
 143		  7518	  4626	0.00000010000000000000
 144		 10661	Not Found	0.00000010000000000000
 145		  9835	  6019	0.00000010000000000000
 146		  4858	  2953	0.00000010000000000000
 147		 19639	Not Found	0.00000020000000000000
 148		  6896	  4239	0.00000020000000000000
 149		  3876	Not Found	0.00000020000000000000
 150		  9472	Not Found	0.00000020000000000000
 151		 12184	Not Found	0.00000020000000000000
 152		 16314	Not Found	0.00000010000000000000
 153		 16290	  8861	0.00000010000000000000
 154		  7697	  4756	0.00000010000000000000
 155		  7167	  4395	0.00000010000000000000
 156		  3125	  1890	0.00000020000000000000
 157		  7741	  4788	0.00000010000000000000
 158		  3419	Not Found	0.00000010000000000000
 159		 10003	Not Found	0.00000010000000000000
 160		  9024	Not Found	0.00000010000000000000
 161		 10186	  6231	0.00000010000000000000
 162		 12009	Not Found	0.00000020000000000000
 163		  2757	  1680	0.00000010000000000000
 164		  8598	Not Found	0.00000020000000000000
 165		  9607	  5904	0.00000010000000000000
 166		 10710	  6541	0.00000010000000000000
 167		 11765	Not Found	0.00000020000000000000
 168		  7173	  4397	0.00000010000000000000
 169		 10458	  6396	0.00000020000000000000
 170		  7679	  4741	0.00000020000000000000
 171		  2680	Not Found	0.00000010000000000000
 172		  4866	  2957	0.00000000000000000000
 173		 15412	Not Found	0.00000010000000000000
 174		  8540	  5264	0.00000010000000000000
 175		  4696	Not Found	0.00000020000000000000
 176		  6299	  3858	0.00000010000000000000
 177		  6972	Not Found	0.00000020000000000000
 178		  8432	Not Found	0.00000010000000000000
 179		  2557	  1551	0.00000020000000000000
 180		 10380	  6346	0.00000010000000000000
 181		 13866	  8119	0.00000020000000000000
 182		  7966	  4944	0.00000020000000000000
 183		  5323	  3243	0.00000020000000000000
 184		  8534	Not Found	0.00000020000000000000
 185		  1136	Not Found	0.00000010000000000000
 186		 19391	Not Found	0.00000010000000000000
 187		 17292	  9169	0.00000020000000000000
 188		  4525	  2747	0.00000020000000000000
 189		  7296	Not Found	0.00000020000000000000
 190		 10737	Not Found	0.00000010000000000000
 191		  4335	  2646	0.00000010000000000000
 192		  8913	  5505	0.00000010000000000000
 193		 14218	Not Found	0.00000010000000000000
 194		 12114	Not Found	0.00000010000000000000
 195		 13808	Not Found	0.00000010000000000000
 196		  7264	Not Found	0.00000010000000000000
 197		 11908	Not Found	0.00000010000000000000
 198		  6382	  3909	0.00000010000000000000
 199		  5947	Not Found	0.00000020000000000000
 200		  4073	Not Found	0.00000020000000000000
 201		 17840	Not Found	0.00000020000000000000
 202		  5429	  3312	0.00000020000000000000
 203		  4715	Not Found	0.00000010000000000000
 204		  7524	  4633	0.00000010000000000000
 205		  9592	Not Found	0.00000020000000000000
 206		   625	   384	0.00000000000000000000
 207		 18808	Not Found	0.00000020000000000000
 208		  8449	  5225	0.00000010000000000000
 209		 16029	Not Found	0.00000020000000000000
 210		 10806	  6604	0.00000010000000000000
 211		  2001	  1197	0.00000010000000000000
 212		  5502	  3362	0.00000000000000000000
 213		  9136	Not Found	0.00000010000000000000
 214		   666	Not Found	0.00000010000000000000
 215		 18469	  9516	0.00000020000000000000
 216		  5628	  3435	0.00000010000000000000
 217		 16672	  8965	0.00000010000000000000
 218		 12007	  7334	0.00000010000000000000
 219		   584	   356	0.00000010000000000000
 220		 16916	Not Found	0.00000010000000000000
 221		  6230	  3816	0.00000010000000000000
 222		  2863	Not Found	0.00000020000000000000
 223		 15412	Not Found	0.00000020000000000000
 224		  3814	Not Found	0.00000010000000000000
 225		  3454	  2081	0.00000010000000000000
 226		 16960	Not Found	0.00000020000000000000
 227		  5742	  3520	0.00000020000000000000
 228		 10291	Not Found	0.00000010000000000000
 229		  9031	  5566	0.00000010000000000000
 230		   664	Not Found	0.00000020000000000000
 231		  7403	Not Found	0.00000020000000000000
 232		  9836	  6020	0.00000010000000000000
 233		 15499	Not Found	0.00000020000000000000
 234		 11130	Not Found	0.00000010000000000000
 235		 12083	Not Found	0.00000010000000000000
 236		 17705	Not Found	0.00000010000000000000
 237		 10195	  6239	0.00000010000000000000
 238		 14945	  8437	0.00000010000000000000
 239		  6789	Not Found	0.00000020000000000000
 240		  7263	  4471	0.00000010000000000000
 241		 13045	Not Found	0.00000020000000000000
 242		   981	   584	0.00000010000000000000
 243		  6395	Not Found	0.00000020000000000000
 244		 16876	Not Found	0.00000010000000000000
 245		   640	Not Found	0.00000010000000000000
 246		 15676	  8680	0.00000010000000000000
 247		  2734	  1665	0.00000010000000000000
 248		  4148	Not Found	0.00000010000000000000
 249		 12506	Not Found	0.00000020000000000000
 250		  6611	  4070	0.00000010000000000000
 251		  9277	  5718	0.00000010000000000000
 252		   722	Not Found	0.00000010000000000000
 253		   391	Not Found	0.00000010000000000000
 254		 14908	Not Found	0.00000010000000000000
 255		  9483	  5839	0.00000010000000000000
 256		 19335	Not Found	0.00000020000000000000
 257		  9261	  5712	0.00000010000000000000
 258		   634	Not Found	0.00000010000000000000
 259		  2791	Not Found	0.00000010000000000000
 260		 13174	Not Found	0.00000010000000000000
 261		  8214	Not Found	0.00000020000000000000
 262		  9403	Not Found	0.00000010000000000000
 263		  4015	Not Found	0.00000010000000000000
 264		  7316	Not Found	0.00000020000000000000
 265		  4757	Not Found	0.00000010000000000000
 266		  1782	Not Found	0.00000020000000000000
 267		  9207	  5682	0.00000010000000000000
 268		 14170	Not Found	0.00000010000000000000
 269		 12972	Not Found	0.00000010000000000000
 270		 16277	  8857	0.00000010000000000000
 271		 15271	  8553	0.00000010000000000000
 272		 16573	  8941	0.00000020000000000000
 273		  4718	  2880	0.00000010000000000000
 274		  5364	Not Found	0.00000020000000000000
 275		 10243	Not Found	0.00000010000000000000
 276		  3647	Not Found	0.00000020000000000000
 277		 15297	  8562	0.00000010000000000000
 278		  2123	Not Found	0.00000010000000000000
 279		  4463	  2715	0.00000020000000000000
 280		  4327	Not Found	0.00000020000000000000
 281		  3366	Not Found	0.00000020000000000000
 282		  1672	   999	0.00000020000000000000
 283		  1682	Not Found	0.00000010000000000000
 284		  7503	  4616	0.00000020000000000000
 285		 12667	Not Found	0.00000020000000000000
 286		  8545	  5267	0.00000010000000000000
 287		  8026	Not Found	0.00000020000000000000
 288		  4764	  2900	0.00000010000000000000
 289		  8128	Not Found	0.00000020000000000000
 290		  1865	Not Found	0.00000020000000000000
 291		  2497	  1508	0.00000020000000000000
 292		  9779	Not Found	0.00000020000000000000
 293		  1594	Not Found	0.00000020000000000000
 294		  9472	Not Found	0.00000010000000000000
 295		  7823	Not Found	0.00000010000000000000
 296		  1354	   804	0.00000010000000000000
 297		  6517	Not Found	0.00000020000000000000
 298		 11792	  7206	0.00000020000000000000
 299		  2752	  1675	0.00000010000000000000
 300		 15741	  8701	0.00000020000000000000
 301		 16877	Not Found	0.00000010000000000000
 302		 10421	Not Found	0.00000020000000000000
 303		  2278	  1350	0.00000020000000000000
 304		  6659	  4097	0.00000000000000000000
 305		 17326	Not Found	0.00000010000000000000
 306		  2236	  1317	0.00000010000000000000
 307		 14130	  8194	0.00000010000000000000
 308		 10560	  6463	0.00000010000000000000
 309		 14298	Not Found	0.00000020000000000000
 310		 17392	Not Found	0.00000020000000000000
 311		  1391	   828	0.00000000000000000000
 312		 10075	Not Found	0.00000010000000000000
 313		  1867	Not Found	0.00000010000000000000
 314		  7537	Not Found	0.00000010000000000000
 315		  9424	Not Found	0.00000020000000000000
 316		 16114	Not Found	0.00000020000000000000
 317		 10842	Not Found	0.00000010000000000000
 318		  6470	Not Found	0.00000020000000000000
 319		 11148	Not Found	0.00000020000000000000
 320		 16909	Not Found	0.00000010000000000000
 321		  1663	   993	0.00000020000000000000
 322		  4020	  2441	0.00000020000000000000
 323		 10182	  6227	0.00000010000000000000
 324		  8497	  5245	0.00000020000000000000
 325		  6650	  4090	0.00000000000000000000
 326		  4303	  2630	0.00000010000000000000
 327		  2258	  1336	0.00000010000000000000
 328		  6007	Not Found	0.00000020000000000000
 329		  5106	  3108	0.00000010000000000000
 330		   208	   122	0.00000010000000000000
 331		  3764	  2268	0.00000010000000000000
 332		 14076	  8178	0.00000010000000000000
 333		  2364	Not Found	0.00000020000000000000
 334		 11432	  7028	0.00000010000000000000
 335		  1067	   636	0.00000010000000000000
 336		  2553	Not Found	0.00000010000000000000
 337		  7806	Not Found	0.00000020000000000000
 338		  7285	  4487	0.00000010000000000000
 339		  6415	Not Found	0.00000010000000000000
 340		   725	Not Found	0.00000010000000000000
 341		  7572	Not Found	0.00000010000000000000
 342		 12658	Not Found	0.00000020000000000000
 343		   951	   566	0.00000020000000000000
 344		 12826	Not Found	0.00000020000000000000
 345		 18514	Not Found	0.00000020000000000000
 346		 11956	Not Found	0.00000020000000000000
 347		  6366	  3897	0.00000010000000000000
 348		 11013	  6758	0.00000020000000000000
 349		  2507	  1513	0.00000010000000000000
 350		  6866	  4214	0.00000020000000000000
 351		  6950	  4267	0.00000010000000000000
 352		  3490	  2108	0.00000010000000000000
 353		 16594	Not Found	0.00000020000000000000
 354		  2340	  1405	0.00000000000000000000
 355		  4477	  2727	0.00000010000000000000
 356		 16088	Not Found	0.00000010000000000000
 357		  5760	Not Found	0.00000020000000000000
 358		  5583	  3416	0.00000010000000000000
 359		  5984	  3663	0.00000010000000000000
 360		 11777	  7197	0.00000010000000000000
 361		 18901	Not Found	0.00000010000000000000
 362		 16255	Not Found	0.00000010000000000000
 363		 18301	Not Found	0.00000020000000000000
 364		  6429	  3949	0.00000040000000000000
 365		 18626	  9559	0.00000020000000000000
 366		  7159	Not Found	0.00000030000000000000
 367		  3517	  2127	0.00000020000000000000
 368		   199	Not Found	0.00000030000000000000
 369		 12678	  7733	0.00000020000000000000
 370		  6374	Not Found	0.00000010000000000000
 371		 16002	Not Found	0.00000010000000000000
 372		  4552	Not Found	0.00000020000000000000
 373		  1015	   604	0.00000010000000000000
 374		   122	    67	0.00000010000000000000
 375		  7501	  4615	0.00000010000000000000
 376		  7690	  4750	0.00000010000000000000
 377		 10627	Not Found	0.00000040000000000000
 378		 12857	  7813	0.00000010000000000000
 379		  3524	  2132	0.00000010000000000000
 380		 16720	Not Found	0.00000020000000000000
 381		  3992	  2426	0.00000010000000000000
 382		  1709	  1015	0.00000020000000000000
 383		  9394	Not Found	0.00000020000000000000
 384		  1444	Not Found	0.00000020000000000000
 385		  4769	  2904	0.00000020000000000000
 386		  2240	Not Found	0.00000020000000000000
 387		  2863	Not Found	0.00000020000000000000
 388		  4912	  2985	0.00000010000000000000
 389		  8338	Not Found	0.00000020000000000000
 390		   489	   298	0.00000010000000000000
 391		  9057	Not Found	0.00000010000000000000
 392		 18386	Not Found	0.00000010000000000000
 393		  9702	  5953	0.00000010000000000000
 394		  1029	Not Found	0.00000010000000000000
 395		 12963	Not Found	0.00000010000000000000
 396		 10122	Not Found	0.00000010000000000000
 397		 16358	Not Found	0.00000010000000000000
 398		  6474	  3983	0.00000010000000000000
 399		  3973	  2415	0.00000010000000000000
 400		 10293	  6287	0.00000020000000000000
 401		 13581	Not Found	0.00000020000000000000
 402		 11703	Not Found	0.00000010000000000000
 403		 10644	  6506	0.00000010000000000000
 404		 18047	Not Found	0.00000010000000000000
 405		 14794	  8396	0.00000020000000000000
 406		   240	   146	0.00000010000000000000
 407		  2331	  1397	0.00000010000000000000
 408		  6229	  3815	0.00000020000000000000
 409		   646	Not Found	0.00000010000000000000
 410		    41	Not Found	0.00000010000000000000
 411		  1386	Not Found	0.00000010000000000000
 412		  8889	  5488	0.00000010000000000000
 413		  7591	Not Found	0.00000020000000000000
 414		  9537	  5874	0.00000010000000000000
 415		   439	Not Found	0.00000020000000000000
 416		  2457	  1491	0.00000020000000000000
 417		 10388	Not Found	0.00000020000000000000
 418		 19313	Not Found	0.00000020000000000000
 419		 10594	  6479	0.00000010000000000000
 420		 14625	Not Found	0.00000020000000000000
 421		  5305	Not Found	0.00000020000000000000
 422		  2756	  1678	0.00000010000000000000
 423		  3998	  2429	0.00000010000000000000
 424		  2000	  1196	0.00000010000000000000
 425		  6125	Not Found	0.00000020000000000000
 426		  5801	  3561	0.00000010000000000000
 427		   428	Not Found	0.00000010000000000000
 428		  8073	Not Found	0.00000010000000000000
 429		 14994	  8448	0.00000020000000000000
 430		  6503	Not Found	0.00000020000000000000
 431		   937	Not Found	0.00000020000000000000
 432		  7212	Not Found	0.00000020000000000000
 433		  2813	Not Found	0.00000010000000000000
 434		 11186	Not Found	0.00000010000000000000
 435		   332	Not Found	0.00000010000000000000
 436		  2820	Not Found	0.00000010000000000000
 437		 17815	  9327	0.00000020000000000000
 438		  7259	  4465	0.00000010000000000000
 439		 10889	  6673	0.00000010000000000000
 440		  1985	Not Found	0.00000010000000000000
 441		  7203	  4418	0.00000010000000000000
 442		  7948	Not Found	0.00000010000000000000
 443		 19289	Not Found	0.00000020000000000000
 444		 17705	Not Found	0.00000010000000000000
 445		 12641	Not Found	0.00000010000000000000
 446		 11603	Not Found	0.00000020000000000000
 447		   669	Not Found	0.00000020000000000000
 448		  1898	Not Found	0.00000040000000000000
 449		  2770	Not Found	0.00000010000000000000
 450		 15486	Not Found	0.00000030000000000000
 451		  7936	  4929	0.00000010000000000000
 452		  3252	Not Found	0.00000030000000000000
 453		  3549	Not Found	0.00000010000000000000
 454		 19913	  9965	0.00000010000000000000
 455		  7485	  4605	0.00000020000000000000
 456		 13541	Not Found	0.00000030000000000000
 457		   209	   123	0.00000020000000000000
 458		 13716	Not Found	0.00000020000000000000
 459		  6690	Not Found	0.00000010000000000000
 460		 16036	Not Found	0.00000030000000000000
 461		  2700	  1641	0.00000020000000000000
 462		 10937	  6703	0.00000020000000000000
 463		  8147	  5051	0.00000020000000000000
 464		  7314	  4509	0.00000020000000000000
 465		 19484	Not Found	0.00000010000000000000
 466		  4604	  2795	0.00000020000000000000
 467		 12210	Not Found	0.00000020000000000000
 468		   542	Not Found	0.00000020000000000000
 469		  7716	  4768	0.00000010000000000000
 470		  3684	Not Found	0.00000020000000000000
 471		  1085	Not Found	0.00000010000000000000
 472		  4952	  3012	0.00000010000000000000
 473		 17441	  9207	0.00000020000000000000
 474		  1193	   694	0.00000010000000000000
 475		 17112	Not Found	0.00000020000000000000
 476		  4488	Not Found	0.00000010000000000000
 477		 16141	Not Found	0.00000010000000000000
 478		  2958	  1781	0.00000020000000000000
 479		   365	Not Found	0.00000010000000000000
 480		 11584	  7090	0.00000010000000000000
 481		  9124	  5626	0.00000010000000000000
 482		 15632	Not Found	0.00000020000000000000
 483		 12305	Not Found	0.00000020000000000000
 484		  1647	   982	0.00000020000000000000
 485		 11462	  7042	0.00000020000000000000
 486		  2207	Not Found	0.00000010000000000000
 487		 13129	  7910	0.00000020000000000000
 488		 14840	Not Found	0.00000020000000000000
 489		  3580	Not Found	0.00000020000000000000
 490		  5326	  3245	0.00000010000000000000
 491		  5516	Not Found	0.00000020000000000000
 492		 15362	Not Found	0.00000010000000000000
 493		  1917	Not Found	0.00000010000000000000
 494		 18950	Not Found	0.00000020000000000000
 495		 12427	Not Found	0.00000020000000000000
 496		  3409	Not Found	0.00000010000000000000
 497		   595	   365	0.00000020000000000000
 498		  3616	Not Found	0.00000010000000000000
 499		 17358	Not Found	0.00000020000000000000
 500		 18485	Not Found	0.00000020000000000000
 501		 10874	Not Found	0.00000010000000000000
 502		  5810	Not Found	0.00000010000000000000
 503		 17761	Not Found	0.00000020000000000000
 504		  7105	  4353	0.00000020000000000000
 505		 14697	Not Found	0.00000020000000000000
 506		  9032	  5567	0.00000020000000000000
 507		  8048	  4990	0.00000020000000000000
 508		 17854	Not Found	0.00000020000000000000
 509		  7669	  4734	0.00000020000000000000
 510		 12439	  7581	0.00000010000000000000
 511		 12270	Not Found	0.00000010000000000000
 512		 12545	Not Found	0.00000020000000000000
 513		 16242	Not Found	0.00000020000000000000
 514		  9263	  5714	0.00000020000000000000
 515		 17820	  9330	0.00000010000000000000
 516		 13499	  8020	0.00000020000000000000
 517		  6171	  3778	0.00000010000000000000
 518		  6447	Not Found	0.00000010000000000000
 519		 11463	  7043	0.00000020000000000000
 520		  9712	  5958	0.00000020000000000000
 521		 12980	Not Found	0.00000020000000000000
 522		  5822	Not Found	0.00000010000000000000
 523		 16755	Not Found	0.00000010000000000000
 524		  7467	Not Found	0.00000010000000000000
 525		  5517	  3372	0.00000010000000000000
 526		 10743	  6565	0.00000010000000000000
 527		  1367	   816	0.00000020000000000000
 528		 17519	  9233	0.00000010000000000000
 529		  1034	   617	0.00000020000000000000
 530		 15587	Not Found	0.00000010000000000000
 531		  4009	  2434	0.00000010000000000000
 532		 16752	Not Found	0.00000010000000000000
 533		  2401	Not Found	0.00000020000000000000
 534		 18190	Not Found	0.00000010000000000000
 535		 17148	Not Found	0.00000020000000000000
 536		  4099	Not Found	0.00000020000000000000
 537		  1892	Not Found	0.00000010000000000000
 538		  5363	Not Found	0.00000010000000000000
 539		 13063	  7882	0.00000010000000000000
 540		  4788	Not Found	0.00000020000000000000
 541		  7231	Not Found	0.00000020000000000000
 542		  4377	Not Found	0.00000020000000000000
 543		  7752	  4798	0.00000010000000000000
 544		   567	   347	0.00000020000000000000
 545		  1572	Not Found	0.00000020000000000000
 546		 17762	Not Found	0.00000010000000000000
 547		  2985	Not Found	0.00000020000000000000
 548		  2561	Not Found	0.00000010000000000000
 549		   773	   457	0.00000010000000000000
 550		 17697	  9296	0.00000020000000000000
 551		  2721	Not Found	0.00000010000000000000
 552		 11191	  6885	0.00000020000000000000
 553		 10274	Not Found	0.00000020000000000000
 554		 17804	Not Found	0.00000010000000000000
 555		  8030	Not Found	0.00000010000000000000
 556		 12135	Not Found	0.00000010000000000000
 557		  6180	Not Found	0.00000010000000000000
 558		   307	Not Found	0.00000010000000000000
 559		  1185	Not Found	0.00000020000000000000
 560		   886	Not Found	0.00000010000000000000
 561		  8041	  4985	0.00000020000000000000
 562		 14224	Not Found	0.00000010000000000000
 563		  2635	Not Found	0.00000010000000000000
 564		  8281	  5119	0.00000010000000000000
 565		  4449	Not Found	0.00000010000000000000
 566		 19167	Not Found	0.00000010000000000000
 567		 17943	Not Found	0.00000010000000000000
 568		 13576	Not Found	0.00000010000000000000
 569		 12599	  7687	0.00000020000000000000
 570		  8720	  5365	0.00000010000000000000
 571		 11975	  7315	0.00000010000000000000
 572		 12336	  7520	0.00000020000000000000
 573		  9109	  5617	0.00000010000000000000
 574		  9658	  5930	0.00000020000000000000
 575		   644	Not Found	0.00000010000000000000
 576		  2345	  1410	0.00000020000000000000
 577		  2145	Not Found	0.00000020000000000000
 578		  5458	  3330	0.00000010000000000000
 579		  1312	Not Found	0.00000010000000000000
 580		  3719	  2236	0.00000010000000000000
 581		  8172	Not Found	0.00000020000000000000
 582		 14812	Not Found	0.00000010000000000000
 583		 11294	Not Found	0.00000020000000000000
 584		  8756	Not Found	0.00000020000000000000
 585		  9678	Not Found	0.00000010000000000000
 586		  1281	   755	0.00000000000000000000
 587		  5813	Not Found	0.00000010000000000000
 588		  3678	  2219	0.00000010000000000000
 589		 12554	Not Found	0.00000010000000000000
 590		  2659	  1611	0.00000010000000000000
 591		  7793	Not Found	0.00000010000000000000
 592		  1196	   695	0.00000010000000000000
 593		  8439	  5211	0.00000010000000000000
 594		  3405	Not Found	0.00000020000000000000
 595		 15322	Not Found	0.00000010000000000000
 596		 11607	  7100	0.00000010000000000000
 597		  2369	  1425	0.00000010000000000000
 598		 15342	  8581	0.00000010000000000000
 599		  3001	  1809	0.00000010000000000000
 600		  9623	Not Found	0.00000020000000000000
 601		  1677	  1004	0.00000020000000000000
 602		 15047	Not Found	0.00000020000000000000
 603		 12376	Not Found	0.00000020000000000000
 604		   380	Not Found	0.00000010000000000000
 605		  3549	Not Found	0.00000010000000000000
 606		  7426	  4564	0.00000010000000000000
 607		  1705	Not Found	0.00000020000000000000
 608		  6558	Not Found	0.00000020000000000000
 609		   115	Not Found	0.00000020000000000000
 610		 15782	  8715	0.00000010000000000000
 611		 12394	  7559	0.00000010000000000000
 612		  6391	  3918	0.00000010000000000000
 613		 11704	  7162	0.00000020000000000000
 614		  4905	Not Found	0.00000020000000000000
 615		 18503	  9524	0.00000020000000000000
 616		  1103	   653	0.00000010000000000000
 617		  3295	Not Found	0.00000020000000000000
 618		  8133	Not Found	0.00000020000000000000
 619		 11584	  7090	0.00000020000000000000
 620		  7544	  4642	0.00000020000000000000
 621		 16486	  8915	0.00000020000000000000
 622		  1070	   638	0.00000010000000000000
 623		  6797	  4176	0.00000010000000000000
 624		 15355	Not Found	0.00000020000000000000
 625		 19709	Not Found	0.00000010000000000000
 626		  4418	  2685	0.00000020000000000000
 627		  6400	  3923	0.00000010000000000000
 628		  5330	  3247	0.00000010000000000000
 629		 10251	  6260	0.00000020000000000000
 630		  7106	Not Found	0.00000010000000000000
 631		 17642	Not Found	0.00000010000000000000
 632		  2776	  1691	0.00000020000000000000
 633		  5709	  3496	0.00000010000000000000
 634		 10465	Not Found	0.00000010000000000000
 635		 15168	Not Found	0.00000020000000000000
 636		  7166	Not Found	0.00000020000000000000
 637		  7839	  4861	0.00000010000000000000
 638		  5082	  3096	0.00000010000000000000
 639		 18623	  9557	0.00000020000000000000
 640		 18336	Not Found	0.00000020000000000000
 641		  8288	  5120	0.00000020000000000000
 642		  2343	  1407	0.00000020000000000000
 643		  3598	  2176	0.00000020000000000000
 644		 18359	Not Found	0.00000010000000000000
 645		  8977	  5534	0.00000010000000000000
 646		  8879	  5481	0.00000010000000000000
 647		  8131	  5040	0.00000020000000000000
 648		  8912	  5504	0.00000010000000000000
 649		  8351	  5151	0.00000010000000000000
 650		   415	Not Found	0.00000010000000000000
 651		   136	    80	0.00000020000000000000
 652		  2013	  1202	0.00000020000000000000
 653		  9633	Not Found	0.00000010000000000000
 654		 12605	  7692	0.00000020000000000000
 655		  7967	Not Found	0.00000010000000000000
 656		  9482	Not Found	0.00000020000000000000
 657		  4452	  2708	0.00000010000000000000
 658		  3193	  1930	0.00000020000000000000
 659		 11812	Not Found	0.00000020000000000000
 660		  6418	  3938	0.00000020000000000000
 661		  3685	Not Found	0.00000010000000000000
 662		 10340	Not Found	0.00000020000000000000
 663		  5810	Not Found	0.00000020000000000000
 664		  5555	  3400	0.00000010000000000000
 665		 15326	Not Found	0.00000020000000000000
 666		  7429	Not Found	0.00000020000000000000
 667		  1801	Not Found	0.00000010000000000000
 668		 18240	Not Found	0.00000010000000000000
 669		  2469	Not Found	0.00000010000000000000
 670		  3818	  2304	0.00000010000000000000
 671		  3247	Not Found	0.00000010000000000000
 672		  4790	Not Found	0.00000020000000000000
 673		  6289	Not Found	0.00000020000000000000
 674		 16156	Not Found	0.00000010000000000000
 675		  8372	  5164	0.00000010000000000000
 676		   241	   147	0.00000010000000000000
 677		   799	   476	0.00000010000000000000
 678		 15895	  8742	0.00000020000000000000
 679		  2586	  1569	0.00000020000000000000
 680		 11007	  6751	0.00000020000000000000
 681		  1652	   988	0.00000010000000000000
 682		  4824	Not Found	0.00000010000000000000
 683		 17876	  9346	0.00000010000000000000
 684		 18197	Not Found	0.00000010000000000000
 685		 19619	Not Found	0.00000010000000000000
 686		  2583	  1565	0.00000010000000000000
 687		 10766	Not Found	0.00000020000000000000
 688		 18913	Not Found	0.00000020000000000000
 689		  4849	Not Found	0.00000010000000000000
 690		 17527	  9239	0.00000010000000000000
 691		  9742	Not Found	0.00000020000000000000
 692		  6368	Not Found	0.00000010000000000000
 693		 19768	Not Found	0.00000020000000000000
 694		   252	Not Found	0.00000020000000000000
 695		  6682	  4110	0.00000020000000000000
 696		 12464	  7601	0.00000010000000000000
 697		  6281	  3847	0.00000010000000000000
 698		  6876	Not Found	0.00000020000000000000
 699		 12570	  7671	0.00000010000000000000
 700		 17513	Not Found	0.00000010000000000000
 701		 16661	Not Found	0.00000010000000000000
 702		 11385	  7003	0.00000010000000000000
 703		 17119	  9105	0.00000020000000000000
 704		 16712	Not Found	0.00000010000000000000
 705		  4398	Not Found	0.00000010000000000000
 706		  7342	Not Found	0.00000010000000000000
 707		 13477	Not Found	0.00000010000000000000
 708		 11020	Not Found	0.00000010000000000000
 709		   553	   335	0.00000010000000000000
 710		 16136	Not Found	0.00000010000000000000
 711		 12276	  7481	0.00000010000000000000
 712		  6500	Not Found	0.00000020000000000000
 713		  3431	  2066	0.00000010000000000000
 714		 12695	Not Found	0.00000020000000000000
 715		   685	   410	0.00000010000000000000
 716		  7272	  4478	0.00000010000000000000
 717		 10036	  6135	0.00000020000000000000
 718		 17349	  9182	0.00000010000000000000
 719		  6051	Not Found	0.00000020000000000000
 720		  2664	Not Found	0.00000010000000000000
 721		  6511	  4002	0.00000010000000000000
 722		  8166	  5060	0.00000010000000000000
 723		 17223	Not Found	0.00000010000000000000
 724		   578	   353	0.00000020000000000000
 725		  4332	Not Found	0.00000010000000000000
 726		 14769	Not Found	0.00000010000000000000
 727		  3593	Not Found	0.00000010000000000000
 728		  3384	Not Found	0.00000010000000000000
 729		  4982	  3029	0.00000010000000000000
 730		  3310	Not Found	0.00000020000000000000
 731		 17244	Not Found	0.00000010000000000000
 732		  8960	Not Found	0.00000020000000000000
 733		 13913	Not Found	0.00000020000000000000
 734		 12720	Not Found	0.00000010000000000000
 735		 11482	Not Found	0.00000020000000000000
 736		  6878	  4224	0.00000020000000000000
 737		 12479	Not Found	0.00000020000000000000
 738		  8965	  5527	0.00000010000000000000
 739		 13447	Not Found	0.00000010000000000000
 740		 11439	Not Found	0.00000010000000000000
 741		  6520	Not Found	0.00000010000000000000
 742		   811	   488	0.00000010000000000000
 743		  6234	Not Found	0.00000020000000000000
 744		 18183	Not Found	0.00000010000000000000
 745		   736	   441	0.00000010000000000000
 746		     5	Not Found	0.00000010000000000000
 747		  3289	  1992	0.00000010000000000000
 748		  6014	Not Found	0.00000020000000000000
 749		 11516	Not Found	0.00000010000000000000
 750		 17039	Not Found	0.00000010000000000000
 751		  7141	Not Found	0.00000010000000000000
 752		  7271	Not Found	0.00000010000000000000
 753		  9093	Not Found	0.00000020000000000000
 754		 14958	Not Found	0.00000010000000000000
 755		  4598	Not Found	0.00000010000000000000
 756		  4513	  2740	0.00000000000000000000
 757		 11944	Not Found	0.00000020000000000000
 758		 18380	Not Found	0.00000010000000000000
 759		  4040	  2457	0.00000010000000000000
 760		  4017	Not Found	0.00000010000000000000
 761		  4653	  2829	0.00000010000000000000
 762		 14178	Not Found	0.00000020000000000000
 763		  9974	  6100	0.00000010000000000000
 764		  2159	Not Found	0.00000020000000000000
 765		  6455	  3967	0.00000020000000000000
 766		 17622	  9269	0.00000010000000000000
 767		  8965	  5527	0.00000010000000000000
 768		 17280	Not Found	0.00000010000000000000
 769		  5515	  3369	0.00000020000000000000
 770		  5960	  3648	0.00000010000000000000
 771		  8901	  5499	0.00000010000000000000
 772		 13380	  7977	0.00000010000000000000
 773		  9556	Not Found	0.00000020000000000000
 774		  7688	  4749	0.00000010000000000000
 775		 10419	  6375	0.00000010000000000000
 776		  5297	  3231	0.00000020000000000000
 777		 11270	Not Found	0.00000020000000000000
 778		  5674	Not Found	0.00000010000000000000
 779		   962	Not Found	0.00000020000000000000
 780		  4032	Not Found	0.00000010000000000000
 781		  5122	Not Found	0.00000010000000000000
 782		 10044	Not Found	0.00000020000000000000
 783		 17052	  9081	0.00000010000000000000
 784		  4646	  2821	0.00000010000000000000
 785		  2906	Not Found	0.00000020000000000000
 786		   695	   420	0.00000010000000000000
 787		  9988	Not Found	0.00000010000000000000
 788		   934	   557	0.00000010000000000000
 789		  5910	Not Found	0.00000020000000000000
 790		  3828	  2309	0.00000010000000000000
 791		  5213	Not Found	0.00000010000000000000
 792		 12676	  7730	0.00000020000000000000
 793		  9173	  5655	0.00000010000000000000
 794		  1569	Not Found	0.00000020000000000000
 795		 12688	Not Found	0.00000010000000000000
 796		 12285	Not Found	0.00000010000000000000
 797		  2488	Not Found	0.00000010000000000000
 798		 18612	Not Found	0.00000010000000000000
 799		  1898	Not Found	0.00000020000000000000
 800		 13590	Not Found	0.00000010000000000000
 801		  1915	Not Found	0.00000010000000000000
 802		   672	Not Found	0.00000020000000000000
 803		  8228	  5096	0.00000010000000000000
 804		 14322	Not Found	0.00000010000000000000
 805		 18181	Not Found	0.00000020000000000000
 806		  4486	Not Found	0.00000010000000000000
 807		  6024	Not Found	0.00000010000000000000
 808		 16296	Not Found	0.00000010000000000000
 809		  6787	  4171	0.00000020000000000000
 810		  2189	Not Found	0.00000010000000000000
 811		  2288	Not Found	0.00000020000000000000
 812		  9300	Not Found	0.00000010000000000000
 813		 18960	Not Found	0.00000010000000000000
 814		 18548	  9534	0.00000010000000000000
 815		 10192	  6237	0.00000020000000000000
 816		 19757	Not Found	0.00000020000000000000
 817		  3383	Not Found	0.00000020000000000000
 818		  7272	  4478	0.00000010000000000000
 819		  4823	Not Found	0.00000010000000000000
 820		  3735	Not Found	0.00000010000000000000
 821		 11036	  6780	0.00000010000000000000
 822		  4882	  2966	0.00000010000000000000
 823		  6770	Not Found	0.00000010000000000000
 824		  7962	Not Found	0.00000010000000000000
 825		  2008	Not Found	0.00000020000000000000
 826		  4978	Not Found	0.00000010000000000000
 827		  7859	  4870	0.00000020000000000000
 828		  9042	Not Found	0.00000020000000000000
 829		  4483	Not Found	0.00000020000000000000
 830		  2002	Not Found	0.00000010000000000000
 831		  5072	  3089	0.00000010000000000000
 832		  3464	  2088	0.00000010000000000000
 833		  1367	   816	0.00000020000000000000
 834		 12852	Not Found	0.00000020000000000000
 835		  5902	Not Found	0.00000020000000000000
 836		 11809	  7217	0.00000010000000000000
 837		   723	   433	0.00000010000000000000
 838		 18253	Not Found	0.00000010000000000000
 839		    95	Not Found	0.00000020000000000000
 840		  1622	   963	0.00000010000000000000
 841		  7997	  4966	0.00000010000000000000
 842		  3286	Not Found	0.00000020000000000000
 843		 16394	Not Found	0.00000010000000000000
 844		 17092	Not Found	0.00000020000000000000
 845		  9868	Not Found	0.00000010000000000000
 846		   225	Not Found	0.00000010000000000000
 847		 17898	Not Found	0.00000020000000000000
 848		  2948	  1777	0.00000020000000000000
 849		 18308	Not Found	0.00000010000000000000
 850		 19529	Not Found	0.00000020000000000000
 851		 13849	Not Found	0.00000010000000000000
 852		  6877	Not Found	0.00000010000000000000
 853		 13635	  8060	0.00000010000000000000
 854		 16333	Not Found	0.00000020000000000000
 855		 14223	  8219	0.00000020000000000000
 856		  6617	  4074	0.00000020000000000000
 857		 10044	Not Found	0.00000010000000000000
 858		  8542	Not Found	0.00000010000000000000
 859		  4037	  2454	0.00000010000000000000
 860		 13270	Not Found	0.00000010000000000000
 861		 10882	  6665	0.00000010000000000000
 862		  2359	Not Found	0.00000020000000000000
 863		  4671	Not Found	0.00000010000000000000
 864		  3774	Not Found	0.00000010000000000000
 865		 12519	Not Found	0.00000010000000000000
 866		 14125	  8193	0.00000010000000000000
 867		 16938	  9046	0.00000010000000000000
 868		  3449	  2076	0.00000020000000000000
 869		  8709	  5358	0.00000020000000000000
 870		  4294	Not Found	0.00000010000000000000
 871		   450	Not Found	0.00000010000000000000
 872		 15393	Not Found	0.00000020000000000000
 873		  2429	  1470	0.00000020000000000000
 874		  3503	Not Found	0.00000010000000000000
 875		  5720	Not Found	0.00000010000000000000
 876		  8278	Not Found	0.00000010000000000000
 877		 10655	Not Found	0.00000020000000000000
 878		 12073	  7371	0.00000010000000000000
 879		 13969	Not Found	0.00000010000000000000
 880		  4851	  2951	0.00000010000000000000
 881		   585	   357	0.00000010000000000000
 882		  1411	Not Found	0.00000020000000000000
 883		 15122	Not Found	0.00000010000000000000
 884		 17153	  9115	0.00000010000000000000
 885		 15987	Not Found	0.00000020000000000000
 886		  6766	  4159	0.00000010000000000000
 887		  1082	Not Found	0.00000020000000000000
 888		  5674	Not Found	0.00000010000000000000
 889		  6986	Not Found	0.00000010000000000000
 890		  8269	Not Found	0.00000020000000000000
 891		  4785	Not Found	0.00000010000000000000
 892		 11409	  7015	0.00000010000000000000
 893		 14395	Not Found	0.00000010000000000000
 894		   811	   488	0.00000010000000000000
 895		 11040	  6782	0.00000010000000000000
 896		  7840	  4862	0.00000010000000000000
 897		 12531	  7650	0.00000010000000000000
 898		  6290	  3851	0.00000020000000000000
 899		  9665	Not Found	0.00000020000000000000
 900		  5218	  3177	0.00000020000000000000
 901		  7940	Not Found	0.00000020000000000000
 902		 11705	  7163	0.00000020000000000000
 903		  7993	Not Found	0.00000010000000000000
 904		 13714	Not Found	0.00000010000000000000
 905		  9963	  6092	0.00000010000000000000
 906		  5853	  3587	0.00000010000000000000
 907		  6018	  3681	0.00000020000000000000
 908		  3796	  2289	0.00000010000000000000
 909		 15632	Not Found	0.00000020000000000000
 910		 13812	Not Found	0.00000010000000000000
 911		 16366	Not Found	0.00000010000000000000
 912		  1475	   874	0.00000020000000000000
 913		  1006	Not Found	0.00000020000000000000
 914		  7038	Not Found	0.00000020000000000000
 915		  7240	  4445	0.00000020000000000000
 916		  6954	  4272	0.00000010000000000000
 917		  1875	Not Found	0.00000010000000000000
 918		   252	Not Found	0.00000020000000000000
 919		 12253	  7472	0.00000020000000000000
 920		  7542	  4641	0.00000010000000000000
 921		 11658	  7130	0.00000010000000000000
 922		 10342	  6318	0.00000010000000000000
 923		  5276	  3215	0.00000010000000000000
 924		  4427	Not Found	0.00000020000000000000
 925		  3703	Not Found	0.00000010000000000000
 926		  6743	  4148	0.00000010000000000000
 927		  9754	  5975	0.00000010000000000000
 928		 18199	Not Found	0.00000020000000000000
 929		  7523	  4632	0.00000010000000000000
 930		  3020	  1821	0.00000010000000000000
 931		  5721	  3503	0.00000020000000000000
 932		 18692	  9583	0.00000010000000000000
 933		   185	Not Found	0.00000010000000000000
 934		  5069	  3085	0.00000020000000000000
 935		 11626	  7114	0.00000010000000000000
 936		  9138	Not Found	0.00000020000000000000
 937		  1135	   669	0.00000020000000000000
 938		 12459	Not Found	0.00000020000000000000
 939		 13584	  8045	0.00000010000000000000
 940		  8484	Not Found	0.00000010000000000000
 941		   617	Not Found	0.00000010000000000000
 942		 11723	  7174	0.00000010000000000000
 943		 19975	Not Found	0.00000010000000000000
 944		  1882	  1131	0.00000010000000000000
 945		  2714	  1649	0.00000010000000000000
 946		  2401	Not Found	0.00000020000000000000
 947		  9349	  5758	0.00000010000000000000
 948		  1503	Not Found	0.00000020000000000000
 949		  3821	Not Found	0.00000010000000000000
 950		  7425	  4563	0.00000010000000000000
 951		  9568	  5886	0.00000020000000000000
 952		 14916	  8431	0.00000010000000000000
 953		  8004	  4970	0.00000010000000000000
 954		 11121	Not Found	0.00000010000000000000
 955		  8464	Not Found	0.00000020000000000000
 956		  4428	Not Found	0.00000020000000000000
 957		 16222	  8836	0.00000020000000000000
 958		  5027	Not Found	0.00000010000000000000
 959		 10550	Not Found	0.00000020000000000000
 960		 13833	  8110	0.00000020000000000000
 961		  3198	  1936	0.00000020000000000000
 962		  8162	Not Found	0.00000010000000000000
 963		  1757	  1050	0.00000010000000000000
 964		 12743	  7773	0.00000020000000000000
 965		  1481	Not Found	0.00000020000000000000
 966		 15531	  8634	0.00000010000000000000
 967		 11647	  7128	0.00000010000000000000
 968		  3432	  2069	0.00000000000000000000
 969		 11601	Not Found	0.00003080000000000000
 970		  2847	Not Found	0.00000010000000000000
 971		  5259	  3207	0.00000010000000000000
 972		 16176	Not Found	0.00000020000000000000
 973		  2928	  1767	0.00000010000000000000
 974		  7573	Not Found	0.00000010000000000000
 975		 16614	  8952	0.00000020000000000000
 976		   513	   311	0.00000010000000000000
 977		  8438	  5210	0.00000020000000000000
 978		  9205	Not Found	0.00000010000000000000
 979		 13904	Not Found	0.00000020000000000000
 980		 11626	  7114	0.00000010000000000000
 981		  3079	Not Found	0.00000020000000000000
 982		 14402	Not Found	0.00000020000000000000
 983		  4553	Not Found	0.00000010000000000000
 984		  1403	   835	0.00000020000000000000
 985		 10623	Not Found	0.00000020000000000000
 986		   535	Not Found	0.00000010000000000000
 987		  5076	  3090	0.00000010000000000000
 988		  3581	  2168	0.00000020000000000000
 989		  3640	Not Found	0.00000020000000000000
 990		  7094	Not Found	0.00000020000000000000
 991		 14554	Not Found	0.00000020000000000000
 992		 15712	Not Found	0.00000010000000000000
 993		  4845	  2946	0.00000020000000000000
 994		 17437	Not Found	0.00000020000000000000
 995		 18802	  9619	0.00000020000000000000
 996		  9076	Not Found	0.00000010000000000000
 997		 11071	  6805	0.00000010000000000000
 998		  9723	Not Found	0.00000020000000000000
 999		 18047	Not Found	0.00000010000000000000
1000		  7579	Not Found	0.00000020000000000000
