BINARY SEARCH ANALYSIS
Array Size = 14000
-------------------------------------------
Iteration	Key	Index	Time (sec)
-------------------------------------------
   1		 26930	Not Found	0.00000020000000000000
   2		 11016	  6732	0.00000020000000000000
   3		  2186	  1865	0.00000020000000000000
   4		  2631	Not Found	0.00000010000000000000
   5		   342	Not Found	0.00000020000000000000
   6		 21858	 11375	0.00000010000000000000
   7		 25444	Not Found	0.00000020000000000000
   8		 17052	Not Found	0.00000020000000000000
   9		 21036	Not Found	0.00000020000000000000
  10		   262	Not Found	0.00000010000000000000
  11		 27723	 13867	0.00000020000000000000
  12		 20911	Not Found	0.00000010000000000000
  13		 16343	Not Found	0.00000010000000000000
  14		  7831	Not Found	0.00000020000000000000
  15		 14883	Not Found	0.00000020000000000000
  16		 26053	Not Found	0.00000020000000000000
  17		 14076	Not Found	0.00000020000000000000
  18		  6709	Not Found	0.00000020000000000000
  19		 12892	  7522	0.00000010000000000000
  20		  4382	Not Found	0.00000020000000000000
  21		  3014	  2488	0.00000020000000000000
  22		  1618	  1366	0.00000010000000000000
  23		 22643	Not Found	0.00000020000000000000
  24		 22736	Not Found	0.00000010000000000000
  25		  2153	Not Found	0.00000020000000000000
  26		 26817	Not Found	0.00000010000000000000
  27		 14012	  8019	0.00000010000000000000
  28		  2676	Not Found	0.00000010000000000000
  29		  2278	  1931	0.00000020000000000000
  30		 24080	 12314	0.00000010000000000000
  31		 17502	  9543	0.00000010000000000000
  32		  6687	Not Found	0.00000020000000000000
  33		  6607	  4783	0.00000010000000000000
  34		  1816	  1538	0.00000010000000000000
  35		 27807	Not Found	0.00000020000000000000
  36		  7316	Not Found	0.00000010000000000000
  37		   939	Not Found	0.00000020000000000000
  38		  1906	Not Found	0.00000010000000000000
  39		  7010	  4967	0.00000010000000000000
  40		 12727	Not Found	0.00000020000000000000
  41		 12700	Not Found	0.00000010000000000000
  42		  1645	  1392	0.00000010000000000000
  43		  1421	Not Found	0.00000010000000000000
  44		  1509	  1275	0.00000010000000000000
  45		 19615	Not Found	0.00000010000000000000
  46		    61	    39	0.00000010000000000000
  47		  3824	Not Found	0.00000010000000000000
  48		 15299	Not Found	0.00000010000000000000
  49		 27092	 13586	0.00000020000000000000
  50		 19765	Not Found	0.00000010000000000000
  51		  2915	  2411	0.00000010000000000000
  52		 22964	Not Found	0.00000010000000000000
  53		  7679	Not Found	0.00000020000000000000
  54		  9720	  6174	0.00000020000000000000
  55		 12528	Not Found	0.00000010000000000000
  56		   783	   651	0.00000010000000000000
  57		 24718	Not Found	0.00000010000000000000
  58		  1452	  1226	0.00000020000000000000
  59		  1169	   962	0.00000010000000000000
  60		  7408	Not Found	0.00000010000000000000
  61		  1147	   937	0.00000010000000000000
  62		 11377	Not Found	0.00000020000000000000
  63		  4155	  3463	0.00000010000000000000
  64		 11150	  6787	0.00000010000000000000
  65		 14452	Not Found	0.00000010000000000000
  66		  7249	Not Found	0.00000010000000000000
  67		  7035	Not Found	0.00000010000000000000
  68		  4365	Not Found	0.00000010000000000000
  69		 21050	Not Found	0.00000020000000000000
  70		 18200	  9831	0.00000020000000000000
  71		  9503	Not Found	0.00000010000000000000
  72		 27861	Not Found	0.00000010000000000000
  73		 26951	 13523	0.00000010000000000000
  74		 20070	Not Found	0.00000020000000000000
  75		 20504	Not Found	0.00000020000000000000
  76		 13954	Not Found	0.00000010000000000000
  77		  1203	Not Found	0.00000010000000000000
  78		  2562	  2129	0.00000010000000000000
  79		  3550	Not Found	0.00000010000000000000
  80		 23709	Not Found	0.00000010000000000000
  81		 24664	Not Found	0.00000020000000000000
  82		 18545	Not Found	0.00000020000000000000
  83		 11445	Not Found	0.00000020000000000000
  84		  1771	  1496	0.00000020000000000000
  85		  3381	Not Found	0.00000020000000000000
  86		  4200	Not Found	0.00000020000000000000
  87		  6960	  4944	0.00000010000000000000
  88		 18757	 10063	0.00000020000000000000
  89		   944	Not Found	0.00000020000000000000
  90		 21694	 11317	0.00000020000000000000
  91		  1267	Not Found	0.00000010000000000000
  92		 23880	Not Found	0.00000010000000000000
  93		 26975	 13533	0.00000020000000000000
  94		 22021	 11440	0.00000020000000000000
  95		 11452	Not Found	0.00000010000000000000
  96		  9293	Not Found	0.00000020000000000000
  97		  5481	Not Found	0.00000020000000000000
  98		  6619	  4790	0.00000010000000000000
  99		 10149	Not Found	0.00000010000000000000
 100		  1435	  1210	0.00000010000000000000
 101		  2985	  2470	0.00000010000000000000
 102		 14300	Not Found	0.00000010000000000000
 103		 23971	Not Found	0.00000020000000000000
 104		  3964	  3311	0.00000010000000000000
 105		  4371	  3647	0.00000020000000000000
 106		 26906	Not Found	0.00000020000000000000
 107		  1523	  1287	0.00000010000000000000
 108		 27854	Not Found	0.00000010000000000000
 109		  5082	Not Found	0.00000020000000000000
 110		  4207	Not Found	0.00000010000000000000
 111		   246	Not Found	0.00000020000000000000
 112		  2619	Not Found	0.00000010000000000000
 113		  1904	Not Found	0.00000010000000000000
 114		  7442	Not Found	0.00000010000000000000
 115		 15033	Not Found	0.00000010000000000000
 116		  1483	  1259	0.00000010000000000000
 117		 22415	 11625	0.00000010000000000000
 118		  3593	  3005	0.00000010000000000000
 119		   219	   182	0.00000010000000000000
 120		 18008	Not Found	0.00000020000000000000
 121		  2360	Not Found	0.00000010000000000000
 122		  2078	  1771	0.00000020000000000000
 123		  3049	Not Found	0.00000010000000000000
 124		 20194	Not Found	0.00000020000000000000
 125		 15034	Not Found	0.00000010000000000000
 126		 14709	Not Found	0.00000020000000000000
 127		  7660	  5267	0.00000020000000000000
 128		  6212	Not Found	0.00000010000000000000
 129		  5366	  4251	0.00000020000000000000
 130		  1405	  1184	0.00000010000000000000
 131		 22437	Not Found	0.00000010000000000000
 132		  4391	  3658	0.00000010000000000000
 133		 22561	 11683	0.00000010000000000000
 134		 14021	  8028	0.00000010000000000000
 135		  5623	Not Found	0.00000020000000000000
 136		  3766	Not Found	0.00000010000000000000
 137		  2665	  2206	0.00000010000000000000
 138		 10928	Not Found	0.00000010000000000000
 139		    38	    23	0.00000010000000000000
 140		 19345	Not Found	0.00000020000000000000
 141		  3195	  2642	0.00000010000000000000
 142		  8588	Not Found	0.00000020000000000000
 143		  9791	Not Found	0.00000020000000000000
 144		 10885	Not Found	0.00000020000000000000
 145		  5508	Not Found	0.00000010000000000000
 146		  8255	  5536	0.00000010000000000000
 147		 17240	Not Found	0.00000020000000000000
 148		 23772	Not Found	0.00000010000000000000
 149		 25046	Not Found	0.00000020000000000000
 150		  4228	  3529	0.00000010000000000000
 151		  1977	Not Found	0.00000020000000000000
 152		 14642	Not Found	0.00000020000000000000
 153		  3150	  2599	0.00000020000000000000
 154		  5621	Not Found	0.00000010000000000000
 155		  3195	  2642	0.00000020000000000000
 156		 22824	Not Found	0.00000020000000000000
 157		 25172	 12788	0.00000010000000000000
 158		 14696	Not Found	0.00000010000000000000
 159		 23504	Not Found	0.00000010000000000000
 160		 16220	Not Found	0.00000020000000000000
 161		 12131	Not Found	0.00000020000000000000
 162		 24191	Not Found	0.00000020000000000000
 163		  9732	  6182	0.00000020000000000000
 164		  6552	Not Found	0.00000020000000000000
 165		 18025	  9759	0.00000020000000000000
 166		 14203	Not Found	0.00000010000000000000
 167		  4898	Not Found	0.00000020000000000000
 168		  1513	  1279	0.00000010000000000000
 169		 14961	Not Found	0.00000010000000000000
 170		 11089	Not Found	0.00000010000000000000
 171		 19993	 10590	0.00000010000000000000
 172		 27699	 13855	0.00000010000000000000
 173		  2687	Not Found	0.00000010000000000000
 174		 25088	 12750	0.00000010000000000000
 175		 12225	Not Found	0.00000020000000000000
 176		 18276	Not Found	0.00000020000000000000
 177		 17595	Not Found	0.00000020000000000000
 178		 27425	 13740	0.00000020000000000000
 179		  6937	Not Found	0.00000020000000000000
 180		 26214	 13219	0.00000030000000000000
 181		 25810	Not Found	0.00000020000000000000
 182		 12992	Not Found	0.00000030000000000000
 183		   371	Not Found	0.00000030000000000000
 184		  1209	  1003	0.00000020000000000000
 185		  1082	   890	0.00000010000000000000
 186		 14442	Not Found	0.00000010000000000000
 187		 12306	Not Found	0.00000020000000000000
 188		 18304	Not Found	0.00000030000000000000
 189		  7669	  5269	0.00000030000000000000
 190		 15495	  8662	0.00000020000000000000
 191		 21106	Not Found	0.00000030000000000000
 192		  2075	Not Found	0.00000040000000000000
 193		   919	   757	0.00000010000000000000
 194		 22507	 11662	0.00000010000000000000
 195		 16713	Not Found	0.00000010000000000000
 196		 27445	Not Found	0.00000020000000000000
 197		 14667	Not Found	0.00000020000000000000
 198		 12711	  7441	0.00000020000000000000
 199		  3628	Not Found	0.00000020000000000000
 200		  8063	  5447	0.00000010000000000000
 201		 20434	 10755	0.00000020000000000000
 202		 18213	  9836	0.00000020000000000000
 203		 26805	Not Found	0.00000010000000000000
 204		 19484	 10368	0.00000010000000000000
 205		    46	Not Found	0.00000010000000000000
 206		  3348	Not Found	0.00000020000000000000
 207		 17284	Not Found	0.00000010000000000000
 208		  3774	Not Found	0.00000020000000000000
 209		  6335	Not Found	0.00000010000000000000
 210		 23264	Not Found	0.00000010000000000000
 211		 19076	Not Found	0.00000020000000000000
 212		  5682	Not Found	0.00000020000000000000
 213		 27979	Not Found	0.00000020000000000000
 214		 23494	Not Found	0.00000010000000000000
 215		  3695	Not Found	0.00000010000000000000
 216		 12247	Not Found	0.00000020000000000000
 217		 17507	Not Found	0.00000010000000000000
 218		    70	    44	0.00000010000000000000
 219		  2453	  2058	0.00000010000000000000
 220		 18772	 10070	0.00000010000000000000
 221		  4612	  3844	0.00000030000000000000
 222		 11642	  6982	0.00000020000000000000
 223		 25049	Not Found	0.00000020000000000000
 224		 14986	Not Found	0.00000020000000000000
 225		  3227	  2669	0.00000010000000000000
 226		  7750	Not Found	0.00000010000000000000
 227		  3068	  2537	0.00000010000000000000
 228		 27592	Not Found	0.00000020000000000000
 229		 26509	 13322	0.00000020000000000000
 230		  8433	Not Found	0.00000010000000000000
 231		 13342	Not Found	0.00000020000000000000
 232		 11326	Not Found	0.00000010000000000000
 233		  8150	Not Found	0.00000010000000000000
 234		  7763	Not Found	0.00000010000000000000
 235		  3969	  3313	0.00000010000000000000
 236		 19637	 10436	0.00000020000000000000
 237		  7888	Not Found	0.00000010000000000000
 238		  6031	  4544	0.00000010000000000000
 239		  3633	Not Found	0.00000020000000000000
 240		 21117	Not Found	0.00000020000000000000
 241		 15318	Not Found	0.00000020000000000000
 242		  4259	  3560	0.00000020000000000000
 243		  3617	Not Found	0.00000020000000000000
 244		 22182	 11525	0.00000020000000000000
 245		 23561	 12125	0.00000010000000000000
 246		  2365	  1992	0.00000010000000000000
 247		  3480	  2889	0.00000020000000000000
 248		 25971	Not Found	0.00000020000000000000
 249		  9203	Not Found	0.00000020000000000000
 250		  2673	Not Found	0.00000020000000000000
 251		  1324	  1121	0.00000010000000000000
 252		  1195	Not Found	0.00000020000000000000
 253		 27754	 13883	0.00000010000000000000
 254		  3464	  2876	0.00000010000000000000
 255		 24077	Not Found	0.00000010000000000000
 256		 12914	  7529	0.00000020000000000000
 257		  4439	  3695	0.00000020000000000000
 258		 13499	Not Found	0.00000020000000000000
 259		  7333	Not Found	0.00000030000000000000
 260		  2648	Not Found	0.00000020000000000000
 261		 23544	 12120	0.00000020000000000000
 262		  1280	Not Found	0.00000010000000000000
 263		  9727	Not Found	0.00000020000000000000
 264		 22128	 11488	0.00000010000000000000
 265		  5059	  4119	0.00000010000000000000
 266		  5380	  4262	0.00000020000000000000
 267		 13830	  7934	0.00000020000000000000
 268		 13156	Not Found	0.00000010000000000000
 269		   172	   137	0.00000010000000000000
 270		 27130	Not Found	0.00000010000000000000
 271		 26095	 13171	0.00000010000000000000
 272		  2183	  1861	0.00000020000000000000
 273		 27721	Not Found	0.00000020000000000000
 274		  1074	   881	0.00000010000000000000
 275		 22137	Not Found	0.00000020000000000000
 276		  2251	Not Found	0.00000020000000000000
 277		 26067	Not Found	0.00000010000000000000
 278		 15566	Not Found	0.00000020000000000000
 279		 20339	Not Found	0.00000010000000000000
 280		  1812	  1536	0.00000020000000000000
 281		 17296	  9457	0.00000020000000000000
 282		 23826	 12230	0.00000010000000000000
 283		  2847	Not Found	0.00000010000000000000
 284		 14605	Not Found	0.00000020000000000000
 285		  7887	  5351	0.00000010000000000000
 286		  6010	Not Found	0.00000020000000000000
 287		  3863	  3220	0.00000010000000000000
 288		  9497	  6070	0.00000010000000000000
 289		 18291	  9872	0.00000010000000000000
 290		 25199	Not Found	0.00000010000000000000
 291		 15821	Not Found	0.00000010000000000000
 292		 20333	Not Found	0.00000010000000000000
 293		  2036	  1736	0.00000020000000000000
 294		 24957	 12699	0.00000010000000000000
 295		  2935	  2428	0.00000020000000000000
 296		  4508	Not Found	0.00000020000000000000
 297		 10466	  6504	0.00000010000000000000
 298		 21343	Not Found	0.00000010000000000000
 299		   970	   795	0.00000020000000000000
 300		 10642	  6588	0.00000010000000000000
 301		  4524	Not Found	0.00000010000000000000
 302		  9820	Not Found	0.00000010000000000000
 303		  1190	Not Found	0.00000020000000000000
 304		 19142	Not Found	0.00000010000000000000
 305		  3840	Not Found	0.00000020000000000000
 306		  9943	  6275	0.00000020000000000000
 307		 18451	Not Found	0.00000010000000000000
 308		 10026	Not Found	0.00000020000000000000
 309		  4979	Not Found	0.00000020000000000000
 310		  3777	Not Found	0.00000010000000000000
 311		  6890	Not Found	0.00000010000000000000
 312		 20420	Not Found	0.00000020000000000000
 313		 27267	 13654	0.00000010000000000000
 314		 26513	 13325	0.00000010000000000000
 315		 23799	Not Found	0.00000020000000000000
 316		  3170	Not Found	0.00000020000000000000
 317		  9307	Not Found	0.00000020000000000000
 318		  3191	  2637	0.00000020000000000000
 319		 12542	Not Found	0.00000020000000000000
 320		  4361	Not Found	0.00000020000000000000
 321		 12407	Not Found	0.00000020000000000000
 322		 12941	Not Found	0.00000010000000000000
 323		   155	Not Found	0.00000020000000000000
 324		  5967	  4523	0.00000020000000000000
 325		 26217	Not Found	0.00000020000000000000
 326		 15887	  8833	0.00000010000000000000
 327		 13742	Not Found	0.00000010000000000000
 328		 10954	Not Found	0.00000010000000000000
 329		   795	   661	0.00000020000000000000
 330		 17805	Not Found	0.00000020000000000000
 331		 21591	Not Found	0.00000020000000000000
 332		 15528	  8676	0.00000010000000000000
 333		 18838	Not Found	0.00000020000000000000
 334		  1374	  1161	0.00000020000000000000
 335		 19903	 10555	0.00000020000000000000
 336		 22304	Not Found	0.00000010000000000000
 337		 21090	 11054	0.00000010000000000000
 338		  7575	  5221	0.00000020000000000000
 339		 15223	Not Found	0.00000010000000000000
 340		     9	     6	0.00000010000000000000
 341		 16815	Not Found	0.00000010000000000000
 342		 20701	 10887	0.00000010000000000000
 343		 24676	 12573	0.00000020000000000000
 344		  3658	  3061	0.00000010000000000000
 345		  1716	  1461	0.00000010000000000000
 346		  9591	Not Found	0.00000020000000000000
 347		  5500	  4309	0.00000010000000000000
 348		  1586	  1341	0.00000020000000000000
 349		 24277	Not Found	0.00000010000000000000
 350		  7335	Not Found	0.00000010000000000000
 351		  1642	  1388	0.00000010000000000000
 352		 20041	 10613	0.00000020000000000000
 353		 10762	Not Found	0.00000020000000000000
 354		  1755	  1489	0.00000010000000000000
 355		 24504	Not Found	0.00000020000000000000
 356		 22470	Not Found	0.00000020000000000000
 357		 13822	Not Found	0.00000020000000000000
 358		  9823	Not Found	0.00000010000000000000
 359		 22925	Not Found	0.00000010000000000000
 360		   706	Not Found	0.00000010000000000000
 361		  4054	  3370	0.00000010000000000000
 362		  7093	Not Found	0.00000020000000000000
 363		 14133	Not Found	0.00000010000000000000
 364		 24076	Not Found	0.00000020000000000000
 365		  6515	Not Found	0.00000020000000000000
 366		 17320	  9468	0.00000020000000000000
 367		 11073	Not Found	0.00000010000000000000
 368		  3967	Not Found	0.00000010000000000000
 369		 26777	Not Found	0.00000020000000000000
 370		  1789	  1522	0.00000010000000000000
 371		 15662	  8742	0.00000010000000000000
 372		  3538	  2945	0.00000020000000000000
 373		  8528	  5648	0.00000010000000000000
 374		 18602	Not Found	0.00000010000000000000
 375		  5866	  4473	0.00000020000000000000
 376		 27374	Not Found	0.00000010000000000000
 377		 20362	Not Found	0.00000010000000000000
 378		 26860	Not Found	0.00000010000000000000
 379		 19348	Not Found	0.00000010000000000000
 380		 18917	Not Found	0.00000020000000000000
 381		  1031	Not Found	0.00000020000000000000
 382		  4404	Not Found	0.00000020000000000000
 383		  3619	Not Found	0.00000020000000000000
 384		 18592	Not Found	0.00000010000000000000
 385		 14454	Not Found	0.00000020000000000000
 386		 15009	Not Found	0.00000020000000000000
 387		  3115	Not Found	0.00000020000000000000
 388		  4058	  3375	0.00000010000000000000
 389		 16093	  8943	0.00000010000000000000
 390		 10772	Not Found	0.00000010000000000000
 391		 21883	Not Found	0.00000010000000000000
 392		 21452	Not Found	0.00000010000000000000
 393		 16442	Not Found	0.00000020000000000000
 394		 18944	 10140	0.00000010000000000000
 395		   650	Not Found	0.00000010000000000000
 396		 25384	Not Found	0.00000020000000000000
 397		  3691	  3083	0.00000020000000000000
 398		  8673	Not Found	0.00000020000000000000
 399		  3540	Not Found	0.00000020000000000000
 400		  3178	  2627	0.00000010000000000000
 401		 19787	Not Found	0.00000020000000000000
 402		 22574	Not Found	0.00000020000000000000
 403		  3519	Not Found	0.00000010000000000000
 404		  2475	Not Found	0.00000010000000000000
 405		 14110	Not Found	0.00000010000000000000
 406		  2002	  1705	0.00000020000000000000
 407		 10627	Not Found	0.00000020000000000000
 408		 17560	  9567	0.00000020000000000000
 409		    47	    29	0.00000010000000000000
 410		 18455	  9931	0.00000010000000000000
 411		 23753	Not Found	0.00000020000000000000
 412		  1059	Not Found	0.00000010000000000000
 413		  7607	Not Found	0.00000020000000000000
 414		  8772	Not Found	0.00000010000000000000
 415		 24626	 12551	0.00000010000000000000
 416		 17752	  9640	0.00000010000000000000
 417		  1697	Not Found	0.00000020000000000000
 418		 23785	Not Found	0.00000010000000000000
 419		 22012	Not Found	0.00000020000000000000
 420		 22547	 11676	0.00000010000000000000
 421		 12236	Not Found	0.00000010000000000000
 422		 23767	Not Found	0.00000020000000000000
 423		  3713	  3106	0.00000020000000000000
 424		  3792	Not Found	0.00000020000000000000
 425		 20209	 10662	0.00000010000000000000
 426		  2198	Not Found	0.00000010000000000000
 427		  2208	Not Found	0.00000020000000000000
 428		  1379	Not Found	0.00000010000000000000
 429		  7237	Not Found	0.00000010000000000000
 430		 25777	Not Found	0.00000020000000000000
 431		  4000	Not Found	0.00000020000000000000
 432		 16361	Not Found	0.00000020000000000000
 433		  8897	Not Found	0.00000020000000000000
 434		 19029	Not Found	0.00000020000000000000
 435		  8626	Not Found	0.00000010000000000000
 436		 13822	Not Found	0.00000010000000000000
 437		 23520	Not Found	0.00000020000000000000
 438		 27674	Not Found	0.00000020000000000000
 439		  2519	Not Found	0.00000010000000000000
 440		  7728	  5295	0.00000010000000000000
 441		  7497	  5183	0.00000010000000000000
 442		  7457	  5164	0.00000010000000000000
 443		 23202	Not Found	0.00000020000000000000
 444		  3508	  2921	0.00000010000000000000
 445		  2478	Not Found	0.00000020000000000000
 446		  3679	  3071	0.00000010000000000000
 447		 11743	Not Found	0.00000010000000000000
 448		 16472	Not Found	0.00000010000000000000
 449		  2292	  1942	0.00000020000000000000
 450		  2264	Not Found	0.00000010000000000000
 451		 17299	Not Found	0.00000020000000000000
 452		  7353	Not Found	0.00000020000000000000
 453		  2964	  2453	0.00000010000000000000
 454		 22096	 11470	0.00000020000000000000
 455		 23974	Not Found	0.00000020000000000000
 456		 18614	Not Found	0.00000020000000000000
 457		  7489	Not Found	0.00000010000000000000
 458		 21406	 11185	0.00000010000000000000
 459		  1951	  1652	0.00000010000000000000
 460		 25124	Not Found	0.00000020000000000000
 461		  2763	  2291	0.00000010000000000000
 462		 21698	Not Found	0.00000010000000000000
 463		 11918	Not Found	0.00000020000000000000
 464		 12227	  7242	0.00000010000000000000
 465		  8003	Not Found	0.00000020000000000000
 466		 23192	Not Found	0.00000010000000000000
 467		  8592	  5679	0.00000010000000000000
 468		 24177	Not Found	0.00000010000000000000
 469		 15456	Not Found	0.00000020000000000000
 470		 18189	  9826	0.00000010000000000000
 471		 21262	Not Found	0.00000020000000000000
 472		  7838	Not Found	0.00000010000000000000
 473		 21025	Not Found	0.00000020000000000000
 474		  1585	Not Found	0.00000010000000000000
 475		  2727	  2263	0.00000010000000000000
 476		 13824	  7933	0.00000010000000000000
 477		  3156	  2604	0.00000020000000000000
 478		 19854	Not Found	0.00000010000000000000
 479		 25744	 13027	0.00000010000000000000
 480		 22920	Not Found	0.00000020000000000000
 481		 14231	Not Found	0.00000020000000000000
 482		 26041	Not Found	0.00000020000000000000
 483		 17625	Not Found	0.00000020000000000000
 484		 25492	Not Found	0.00000020000000000000
 485		 10493	  6512	0.00000020000000000000
 486		 12838	  7502	0.00000020000000000000
 487		  4082	Not Found	0.00000020000000000000
 488		 14950	Not Found	0.00000020000000000000
 489		  8307	Not Found	0.00000010000000000000
 490		 27456	Not Found	0.00000010000000000000
 491		 19565	 10404	0.00000020000000000000
 492		  3445	Not Found	0.00000010000000000000
 493		  2147	  1837	0.00000010000000000000
 494		 16057	Not Found	0.00000010000000000000
 495		  4613	Not Found	0.00000020000000000000
 496		 15170	Not Found	0.00000020000000000000
 497		  3352	  2790	0.00000020000000000000
 498		 18975	 10159	0.00000010000000000000
 499		 27104	 13590	0.00000020000000000000
 500		  3438	Not Found	0.00000020000000000000
 501		 22884	Not Found	0.00000010000000000000
 502		  9137	  5917	0.00000010000000000000
 503		  1041	Not Found	0.00000020000000000000
 504		  4298	  3587	0.00000010000000000000
 505		 24063	Not Found	0.00000010000000000000
 506		 25968	Not Found	0.00000010000000000000
 507		 26209	Not Found	0.00000010000000000000
 508		 12400	Not Found	0.00000010000000000000
 509		  1585	Not Found	0.00000000000000000000
 510		   281	Not Found	0.00000020000000000000
 511		  2799	  2320	0.00000020000000000000
 512		 21712	 11321	0.00000020000000000000
 513		 21553	Not Found	0.00000020000000000000
 514		 20113	Not Found	0.00000010000000000000
 515		  4181	Not Found	0.00000010000000000000
 516		 10508	  6519	0.00000010000000000000
 517		 13006	Not Found	0.00000010000000000000
 518		  4098	Not Found	0.00000010000000000000
 519		 26221	Not Found	0.00000020000000000000
 520		 16584	  9170	0.00000010000000000000
 521		 25038	Not Found	0.00000010000000000000
 522		 21414	 11189	0.00000010000000000000
 523		  4052	  3368	0.00000020000000000000
 524		 13533	Not Found	0.00000020000000000000
 525		 19702	 10462	0.00000020000000000000
 526		  1505	Not Found	0.00000020000000000000
 527		 26638	 13394	0.00000010000000000000
 528		  2797	Not Found	0.00000010000000000000
 529		 19082	Not Found	0.00000020000000000000
 530		  7699	Not Found	0.00000010000000000000
 531		  2858	Not Found	0.00000010000000000000
 532		  3100	Not Found	0.00000010000000000000
 533		  1973	  1667	0.00000010000000000000
 534		  9134	Not Found	0.00000010000000000000
 535		 17735	  9629	0.00000010000000000000
 536		 25501	Not Found	0.00000010000000000000
 537		  5162	Not Found	0.00000020000000000000
 538		 24838	 12646	0.00000010000000000000
 539		  6999	  4964	0.00000010000000000000
 540		  5226	  4192	0.00000010000000000000
 541		 20748	Not Found	0.00000010000000000000
 542		   967	   792	0.00000010000000000000
 543		 20771	 10914	0.00000010000000000000
 544		  6680	Not Found	0.00000020000000000000
 545		 18188	Not Found	0.00000010000000000000
 546		  6123	Not Found	0.00000020000000000000
 547		  4240	  3539	0.00000010000000000000
 548		 19850	 10527	0.00000020000000000000
 549		 10193	  6393	0.00000020000000000000
 550		  5003	  4096	0.00000010000000000000
 551		  5664	  4380	0.00000010000000000000
 552		 23749	Not Found	0.00000020000000000000
 553		  4412	Not Found	0.00000010000000000000
 554		 21749	Not Found	0.00000010000000000000
 555		  1723	Not Found	0.00000010000000000000
 556		 22948	 11864	0.00000020000000000000
 557		 21548	Not Found	0.00000010000000000000
 558		 18176	  9817	0.00000020000000000000
 559		 21168	 11091	0.00000010000000000000
 560		  8396	Not Found	0.00000020000000000000
 561		 18911	Not Found	0.00000020000000000000
 562		  8092	Not Found	0.00000010000000000000
 563		 18935	Not Found	0.00000010000000000000
 564		 11491	Not Found	0.00000020000000000000
 565		   699	   579	0.00000020000000000000
 566		 27821	 13910	0.00000010000000000000
 567		 17849	Not Found	0.00000010000000000000
 568		 10749	  6629	0.00000020000000000000
 569		 23532	Not Found	0.00000010000000000000
 570		 25370	Not Found	0.00000020000000000000
 571		  2833	Not Found	0.00000020000000000000
 572		 23895	Not Found	0.00000020000000000000
 573		 16366	Not Found	0.00000020000000000000
 574		  9248	  5959	0.00000010000000000000
 575		 19221	Not Found	0.00000010000000000000
 576		 13640	Not Found	0.00000010000000000000
 577		  3182	Not Found	0.00000020000000000000
 578		 27885	 13948	0.00000010000000000000
 579		 25616	Not Found	0.00000020000000000000
 580		  5492	  4306	0.00000020000000000000
 581		 23244	Not Found	0.00000010000000000000
 582		 25706	Not Found	0.00000010000000000000
 583		 18450	  9926	0.00000010000000000000
 584		 13123	  7633	0.00000020000000000000
 585		 10275	  6426	0.00000000000000000000
 586		  3576	  2985	0.00000010000000000000
 587		 11435	Not Found	0.00000010000000000000
 588		  5778	Not Found	0.00000010000000000000
 589		  9004	Not Found	0.00000010000000000000
 590		  4766	  3970	0.00000020000000000000
 591		 26611	Not Found	0.00000020000000000000
 592		  4776	  3975	0.00000010000000000000
 593		  4448	  3703	0.00000010000000000000
 594		 23521	Not Found	0.00000020000000000000
 595		  7885	Not Found	0.00000020000000000000
 596		 19307	Not Found	0.00000010000000000000
 597		  3933	Not Found	0.00000010000000000000
 598		 10326	Not Found	0.00000010000000000000
 599		 10349	Not Found	0.00000010000000000000
 600		  6867	  4900	0.00000010000000000000
 601		 12427	  7329	0.00000010000000000000
 602		  6612	  4787	0.00000010000000000000
 603		 19224	 10256	0.00000010000000000000
 604		 27296	Not Found	0.00000020000000000000
 605		 16895	  9286	0.00000020000000000000
 606		 27182	 13616	0.00000010000000000000
 607		 13867	  7952	0.00000020000000000000
 608		 22088	 11467	0.00000020000000000000
 609		 13472	Not Found	0.00000010000000000000
 610		 15551	  8690	0.00000010000000000000
 611		 23903	Not Found	0.00000010000000000000
 612		 10548	Not Found	0.00000020000000000000
 613		  1320	  1119	0.00000020000000000000
 614		 11846	Not Found	0.00000020000000000000
 615		  6475	  4725	0.00000010000000000000
 616		  3371	Not Found	0.00000010000000000000
 617		  9133	Not Found	0.00000010000000000000
 618		  5877	  4477	0.00000010000000000000
 619		 12587	Not Found	0.00000020000000000000
 620		  4015	Not Found	0.00000010000000000000
 621		  9664	  6150	0.00000020000000000000
 622		 12996	Not Found	0.00000020000000000000
 623		 12767	Not Found	0.00000010000000000000
 624		 20423	Not Found	0.00000010000000000000
 625		 15189	  8534	0.00000020000000000000
 626		  9227	Not Found	0.00000020000000000000
 627		 13879	Not Found	0.00000010000000000000
 628		   540	   447	0.00000020000000000000
 629		 13893	  7971	0.00000010000000000000
 630		  1104	Not Found	0.00000020000000000000
 631		  1133	   928	0.00000010000000000000
 632		  4360	Not Found	0.00000010000000000000
 633		  8528	  5648	0.00000010000000000000
 634		  2557	Not Found	0.00000010000000000000
 635		  9459	  6055	0.00000010000000000000
 636		  4683	  3904	0.00000010000000000000
 637		 11527	Not Found	0.00000020000000000000
 638		  1846	  1562	0.00000010000000000000
 639		 22127	 11487	0.00000010000000000000
 640		 20736	 10902	0.00000010000000000000
 641		 25578	Not Found	0.00000010000000000000
 642		 14986	Not Found	0.00000010000000000000
 643		   773	Not Found	0.00000010000000000000
 644		  5424	Not Found	0.00000020000000000000
 645		 27085	Not Found	0.00000020000000000000
 646		  8392	Not Found	0.00000010000000000000
 647		  6868	  4902	0.00000000000000000000
 648		 22374	 11607	0.00000020000000000000
 649		 19072	 10204	0.00000010000000000000
 650		 15348	  8599	0.00000010000000000000
 651		  2659	  2199	0.00000010000000000000
 652		   643	   529	0.00000020000000000000
 653		  7086	Not Found	0.00000010000000000000
 654		  2074	  1768	0.00000020000000000000
 655		 11901	  7090	0.00000010000000000000
 656		  4274	  3573	0.00000010000000000000
 657		  2214	  1892	0.00000010000000000000
 658		  3393	  2810	0.00000010000000000000
 659		   858	   712	0.00000010000000000000
 660		  6014	Not Found	0.00000010000000000000
 661		  2457	  2062	0.00000010000000000000
 662		 12868	Not Found	0.00000020000000000000
 663		 25793	Not Found	0.00000020000000000000
 664		  2946	Not Found	0.00000010000000000000
 665		 20867	Not Found	0.00000020000000000000
 666		 12765	  7469	0.00000020000000000000
 667		  5674	  4387	0.00000010000000000000
 668		 17378	  9499	0.00000010000000000000
 669		 10958	  6711	0.00000010000000000000
 670		 26115	Not Found	0.00000020000000000000
 671		 25577	Not Found	0.00000010000000000000
 672		  7513	Not Found	0.00000010000000000000
 673		 21139	Not Found	0.00000010000000000000
 674		 23926	Not Found	0.00000010000000000000
 675		  3976	  3316	0.00000010000000000000
 676		 18898	 10119	0.00000020000000000000
 677		  3938	Not Found	0.00000010000000000000
 678		   568	   467	0.00000020000000000000
 679		 20916	 10981	0.00000010000000000000
 680		  8923	  5825	0.00000010000000000000
 681		  2532	  2105	0.00000020000000000000
 682		 17022	Not Found	0.00000020000000000000
 683		  6139	  4584	0.00000010000000000000
 684		    86	    56	0.00000020000000000000
 685		  6335	Not Found	0.00000010000000000000
 686		  2535	  2108	0.00000010000000000000
 687		 20436	 10757	0.00000010000000000000
 688		 26481	Not Found	0.00000010000000000000
 689		   954	   780	0.00000020000000000000
 690		   844	Not Found	0.00000010000000000000
 691		 25312	Not Found	0.00000020000000000000
 692		  9689	  6162	0.00000020000000000000
 693		   546	   454	0.00000020000000000000
 694		 26585	Not Found	0.00000010000000000000
 695		 18543	Not Found	0.00000010000000000000
 696		 11563	  6944	0.00000020000000000000
 697		  2828	Not Found	0.00000030000000000000
 698		 17275	  9448	0.00000030000000000000
 699		 20550	Not Found	0.00000030000000000000
 700		 17068	Not Found	0.00000010000000000000
 701		 14619	Not Found	0.00000020000000000000
 702		 25883	Not Found	0.00000020000000000000
 703		  2720	  2260	0.00000020000000000000
 704		 22329	Not Found	0.00000020000000000000
 705		 19685	 10455	0.00000020000000000000
 706		 24746	 12608	0.00000010000000000000
 707		  1042	Not Found	0.00000020000000000000
 708		  7041	Not Found	0.00000030000000000000
 709		  1553	Not Found	0.00000030000000000000
 710		 21085	 11052	0.00000020000000000000
 711		 14067	Not Found	0.00000020000000000000
 712		  9329	Not Found	0.00000010000000000000
 713		 25379	 12887	0.00000020000000000000
 714		 18107	  9791	0.00000010000000000000
 715		 23900	Not Found	0.00000020000000000000
 716		 13296	Not Found	0.00000020000000000000
 717		  1211	  1006	0.00000010000000000000
 718		 26868	 13488	0.00000010000000000000
 719		  3724	  3115	0.00000010000000000000
 720		  3181	Not Found	0.00000030000000000000
 721		 15035	  8470	0.00000010000000000000
 722		 27508	Not Found	0.00000020000000000000
 723		 21808	Not Found	0.00000010000000000000
 724		 24821	Not Found	0.00000010000000000000
 725		 27816	Not Found	0.00000020000000000000
 726		 24248	 12382	0.00000010000000000000
 727		  8833	  5778	0.00000010000000000000
 728		 15594	Not Found	0.00000010000000000000
 729		 24915	Not Found	0.00000010000000000000
 730		 27232	 13640	0.00000020000000000000
 731		 14542	Not Found	0.00000020000000000000
 732		 27504	Not Found	0.00000010000000000000
 733		 10680	  6603	0.00000030000000000000
 734		  7302	Not Found	0.00000030000000000000
 735		 27292	Not Found	0.00000010000000000000
 736		 16010	Not Found	0.00000020000000000000
 737		 13094	Not Found	0.00000020000000000000
 738		 17231	Not Found	0.00000010000000000000
 739		 19274	 10283	0.00000010000000000000
 740		 17060	Not Found	0.00000020000000000000
 741		 17568	Not Found	0.00000010000000000000
 742		  1215	  1013	0.00000020000000000000
 743		 14234	  8124	0.00000010000000000000
 744		 13586	  7835	0.00000010000000000000
 745		 27524	Not Found	0.00000020000000000000
 746		 10450	Not Found	0.00000020000000000000
 747		 18285	  9869	0.00000010000000000000
 748		 16057	Not Found	0.00000020000000000000
 749		  7018	Not Found	0.00000010000000000000
 750		 18888	 10116	0.00000020000000000000
 751		  3278	Not Found	0.00000020000000000000
 752		 18188	Not Found	0.00000010000000000000
 753		  1359	  1152	0.00000020000000000000
 754		 24256	Not Found	0.00000020000000000000
 755		 17458	Not Found	0.00000010000000000000
 756		  1499	  1269	0.00000020000000000000
 757		 27123	Not Found	0.00000010000000000000
 758		 21640	Not Found	0.00000020000000000000
 759		 23038	 11906	0.00000020000000000000
 760		  9638	Not Found	0.00000020000000000000
 761		 27519	Not Found	0.00000010000000000000
 762		 10420	Not Found	0.00000010000000000000
 763		 26954	Not Found	0.00000010000000000000
 764		  4504	  3753	0.00000010000000000000
 765		  8811	Not Found	0.00000020000000000000
 766		 15085	Not Found	0.00000020000000000000
 767		  6117	Not Found	0.00000020000000000000
 768		 14130	  8083	0.00000010000000000000
 769		  3135	Not Found	0.00000020000000000000
 770		 18572	Not Found	0.00000020000000000000
 771		  1593	  1346	0.00000010000000000000
 772		 23461	 12083	0.00000020000000000000
 773		  5592	Not Found	0.00000020000000000000
 774		 18024	Not Found	0.00000010000000000000
 775		 13488	  7794	0.00000010000000000000
 776		 20901	Not Found	0.00000010000000000000
 777		 19534	Not Found	0.00000020000000000000
 778		  3307	Not Found	0.00000020000000000000
 779		  2486	Not Found	0.00000020000000000000
 780		  9754	Not Found	0.00000010000000000000
 781		 27796	Not Found	0.00000020000000000000
 782		  2668	  2211	0.00000020000000000000
 783		 20609	Not Found	0.00000010000000000000
 784		  1304	  1104	0.00000010000000000000
 785		 25023	 12725	0.00000010000000000000
 786		   600	   498	0.00000020000000000000
 787		 24687	Not Found	0.00000020000000000000
 788		 27409	Not Found	0.00000010000000000000
 789		   362	   304	0.00000010000000000000
 790		  2802	  2324	0.00000020000000000000
 791		 18927	Not Found	0.00000010000000000000
 792		  2281	Not Found	0.00000020000000000000
 793		  2617	  2165	0.00000010000000000000
 794		 17566	Not Found	0.00000020000000000000
 795		 12099	  7183	0.00000020000000000000
 796		 27787	Not Found	0.00000010000000000000
 797		  7421	Not Found	0.00000010000000000000
 798		  1432	Not Found	0.00000010000000000000
 799		  6788	  4861	0.00000010000000000000
 800		 18715	 10047	0.00000000000000000000
 801		 10392	Not Found	0.00000010000000000000
 802		  2602	  2152	0.00000020000000000000
 803		  1926	  1619	0.00000010000000000000
 804		 26347	Not Found	0.00000020000000000000
 805		  6273	Not Found	0.00000010000000000000
 806		 23293	Not Found	0.00000020000000000000
 807		   829	Not Found	0.00000010000000000000
 808		  6929	Not Found	0.00000020000000000000
 809		 17098	Not Found	0.00000020000000000000
 810		 23344	 12036	0.00000010000000000000
 811		  3008	Not Found	0.00000010000000000000
 812		 21369	Not Found	0.00000010000000000000
 813		 23552	Not Found	0.00000010000000000000
 814		  8071	Not Found	0.00000010000000000000
 815		  2317	  1959	0.00000010000000000000
 816		  3543	  2951	0.00000010000000000000
 817		 25171	Not Found	0.00000020000000000000
 818		  1926	  1619	0.00000020000000000000
 819		  3694	  3086	0.00000020000000000000
 820		 15072	  8492	0.00000010000000000000
 821		 17398	Not Found	0.00000010000000000000
 822		 18334	  9881	0.00000010000000000000
 823		 16731	  9222	0.00000020000000000000
 824		 25018	 12724	0.00000010000000000000
 825		 17609	Not Found	0.00000010000000000000
 826		 18502	  9953	0.00000020000000000000
 827		  3136	  2589	0.00000010000000000000
 828		  6065	Not Found	0.00000020000000000000
 829		 26422	Not Found	0.00000010000000000000
 830		  3566	  2975	0.00000020000000000000
 831		   288	   245	0.00000020000000000000
 832		  8235	Not Found	0.00000020000000000000
 833		 23640	Not Found	0.00000020000000000000
 834		  7024	Not Found	0.00000010000000000000
 835		  3513	  2928	0.00000020000000000000
 836		 18654	Not Found	0.00000020000000000000
 837		 16227	  9006	0.00000020000000000000
 838		  2601	  2151	0.00000020000000000000
 839		 27722	 13866	0.00000010000000000000
 840		 22080	Not Found	0.00000020000000000000
 841		  8256	Not Found	0.00000020000000000000
 842		 16327	Not Found	0.00000010000000000000
 843		 26898	Not Found	0.00000010000000000000
 844		  5183	Not Found	0.00000020000000000000
 845		  8567	  5668	0.00000010000000000000
 846		   450	   375	0.00000020000000000000
 847		 27771	Not Found	0.00000020000000000000
 848		 24371	 12437	0.00000010000000000000
 849		 11602	  6962	0.00000020000000000000
 850		 21327	Not Found	0.00000010000000000000
 851		 26295	Not Found	0.00000020000000000000
 852		 14609	  8287	0.00000020000000000000
 853		  1600	  1351	0.00000010000000000000
 854		 21555	Not Found	0.00000010000000000000
 855		   842	Not Found	0.00000020000000000000
 856		 16097	Not Found	0.00000020000000000000
 857		 13943	  7994	0.00000010000000000000
 858		   469	Not Found	0.00000010000000000000
 859		 13769	  7907	0.00000010000000000000
 860		  4722	Not Found	0.00000020000000000000
 861		  8925	Not Found	0.00000020000000000000
 862		  3736	  3125	0.00000010000000000000
 863		   993	Not Found	0.00000010000000000000
 864		  3148	Not Found	0.00000020000000000000
 865		 17705	Not Found	0.00000010000000000000
 866		 17255	Not Found	0.00000020000000000000
 867		 12442	Not Found	0.00000010000000000000
 868		 18918	 10130	0.00000010000000000000
 869		 20805	 10932	0.00000010000000000000
 870		  8082	Not Found	0.00000010000000000000
 871		 11485	  6914	0.00000020000000000000
 872		 27673	Not Found	0.00000010000000000000
 873		 18935	Not Found	0.00000010000000000000
 874		 10968	Not Found	0.00000020000000000000
 875		   981	   807	0.00000010000000000000
 876		  6613	Not Found	0.00000020000000000000
 877		 18625	 10003	0.00000010000000000000
 878		 11717	Not Found	0.00000020000000000000
 879		  9426	Not Found	0.00000020000000000000
 880		  6931	  4924	0.00000020000000000000
 881		  4006	Not Found	0.00000020000000000000
 882		 17470	Not Found	0.00000010000000000000
 883		 13779	Not Found	0.00000010000000000000
 884		  8202	Not Found	0.00000010000000000000
 885		  9837	  6233	0.00000010000000000000
 886		  4346	  3630	0.00000020000000000000
 887		 18117	Not Found	0.00000010000000000000
 888		  2214	  1892	0.00000010000000000000
 889		  3723	Not Found	0.00000010000000000000
 890		   883	Not Found	0.00000020000000000000
 891		  5478	Not Found	0.00000010000000000000
 892		 16438	Not Found	0.00000020000000000000
 893		 17852	Not Found	0.00000010000000000000
 894		 27517	 13781	0.00000000000000000000
 895		 16047	  8923	0.00000010000000000000
 896		   357	Not Found	0.00000010000000000000
 897		 10065	  6334	0.00000020000000000000
 898		 17047	  9365	0.00000010000000000000
 899		  1042	Not Found	0.00000010000000000000
 900		  5739	Not Found	0.00000020000000000000
 901		 26865	Not Found	0.00000020000000000000
 902		 27360	Not Found	0.00000020000000000000
 903		  2209	  1887	0.00000020000000000000
 904		 27012	 13558	0.00000020000000000000
 905		 14649	  8304	0.00000010000000000000
 906		 20620	Not Found	0.00000020000000000000
 907		 10159	Not Found	0.00000020000000000000
 908		  3137	Not Found	0.00000010000000000000
 909		 12710	  7440	0.00000010000000000000
 910		  9271	Not Found	0.00000020000000000000
 911		 20506	 10785	0.00000010000000000000
 912		  1886	Not Found	0.00000020000000000000
 913		  8117	Not Found	0.00000020000000000000
 914		  3960	  3308	0.00000020000000000000
 915		  3817	Not Found	0.00000020000000000000
 916		  3637	Not Found	0.00000020000000000000
 917		 26952	Not Found	0.00000020000000000000
 918		  6074	  4559	0.00000010000000000000
 919		 14034	Not Found	0.00000010000000000000
 920		 24049	 12301	0.00000020000000000000
 921		  4172	Not Found	0.00000020000000000000
 922		  9031	Not Found	0.00000010000000000000
 923		 18592	Not Found	0.00000020000000000000
 924		 26725	Not Found	0.00000010000000000000
 925		  6553	Not Found	0.00000020000000000000
 926		 21670	Not Found	0.00000020000000000000
 927		  2451	  2057	0.00000010000000000000
 928		  5981	Not Found	0.00000020000000000000
 929		 23321	Not Found	0.00000020000000000000
 930		 12327	Not Found	0.00000010000000000000
 931		 25256	Not Found	0.00000010000000000000
 932		 16085	  8942	0.00000010000000000000
 933		  1997	  1700	0.00000010000000000000
 934		 16316	Not Found	0.00000020000000000000
 935		 27835	Not Found	0.00000020000000000000
 936		  4617	Not Found	0.00000010000000000000
 937		  3564	  2973	0.00000010000000000000
 938		 10506	  6518	0.00000010000000000000
 939		 17418	Not Found	0.00000010000000000000
 940		 11533	  6933	0.00000010000000000000
 941		  4078	Not Found	0.00000010000000000000
 942		 27072	 13577	0.00000010000000000000
 943		    92	    64	0.00000010000000000000
 944		  3582	  2993	0.00000020000000000000
 945		  2632	  2177	0.00000020000000000000
 946		 11816	Not Found	0.00000030000000000000
 947		   321	Not Found	0.00000010000000000000
 948		  1529	Not Found	0.00000020000000000000
 949		 26520	 13329	0.00000010000000000000
 950		  2204	  1882	0.00000020000000000000
 951		  1308	Not Found	0.00000010000000000000
 952		   426	   350	0.00000020000000000000
 953		  4867	Not Found	0.00000010000000000000
 954		  3610	  3020	0.00000010000000000000
 955		  8446	  5616	0.00000010000000000000
 956		 13927	Not Found	0.00000020000000000000
 957		 15421	Not Found	0.00000010000000000000
 958		  4282	  3579	0.00000010000000000000
 959		  2901	  2398	0.00000010000000000000
 960		  2590	  2141	0.00000010000000000000
 961		 19657	Not Found	0.00000020000000000000
 962		 26432	Not Found	0.00000010000000000000
 963		 23269	 12006	0.00000020000000000000
 964		 14220	  8114	0.00000010000000000000
 965		 14530	  8257	0.00000010000000000000
 966		  2158	  1840	0.00000010000000000000
 967		 10773	Not Found	0.00000010000000000000
 968		   688	Not Found	0.00000010000000000000
 969		 12665	Not Found	0.00000010000000000000
 970		   795	   661	0.00000010000000000000
 971		 12749	  7462	0.00000010000000000000
 972		  4480	Not Found	0.00000010000000000000
 973		 27488	Not Found	0.00000020000000000000
 974		  1801	Not Found	0.00000010000000000000
 975		 15263	  8564	0.00000010000000000000
 976		 15578	  8701	0.00000010000000000000
 977		  3527	  2935	0.00000020000000000000
 978		 23924	Not Found	0.00000020000000000000
 979		  2052	Not Found	0.00000010000000000000
 980		    93	    66	0.00000020000000000000
 981		  3620	  3031	0.00000010000000000000
 982		  1383	Not Found	0.00000020000000000000
 983		  3272	Not Found	0.00000010000000000000
 984		 23225	Not Found	0.00000020000000000000
 985		   504	Not Found	0.00000020000000000000
 986		 27187	Not Found	0.00000020000000000000
 987		  9225	Not Found	0.00000020000000000000
 988		 14756	Not Found	0.00000020000000000000
 989		  8048	Not Found	0.00000020000000000000
 990		 27234	 13641	0.00000010000000000000
 991		  1019	   839	0.00000010000000000000
 992		 14735	Not Found	0.00000010000000000000
 993		  3913	  3257	0.00000020000000000000
 994		  1801	Not Found	0.00000010000000000000
 995		 12112	  7186	0.00000010000000000000
 996		 22776	Not Found	0.00000010000000000000
 997		 19064	 10199	0.00000020000000000000
 998		 26813	Not Found	0.00000020000000000000
 999		 15126	Not Found	0.00000010000000000000
1000		 27714	Not Found	0.00000010000000000000
