BINARY SEARCH ANALYSIS
Array Size = 5000
-------------------------------------------
Iteration	Key	Index	Time (sec)
-------------------------------------------
   1		  6832	Not Found	0.00000030000000000000
   2		  5470	  2895	0.00000020000000000000
   3		  9652	  4836	0.00000010000000000000
   4		  1793	  1066	0.00000020000000000000
   5		  8473	  4289	0.00000020000000000000
   6		  8019	  4055	0.00000010000000000000
   7		  3536	Not Found	0.00000020000000000000
   8		  5387	  2864	0.00000010000000000000
   9		   737	Not Found	0.00000020000000000000
  10		  5564	Not Found	0.00000020000000000000
  11		  6858	  3520	0.00000010000000000000
  12		  8530	Not Found	0.00000020000000000000
  13		   132	    77	0.00000010000000000000
  14		  7725	  3906	0.00000010000000000000
  15		  7987	Not Found	0.00000010000000000000
  16		  9725	Not Found	0.00000020000000000000
  17		  5436	Not Found	0.00000010000000000000
  18		  8127	  4116	0.00000020000000000000
  19		  8115	  4112	0.00000020000000000000
  20		  1754	  1040	0.00000010000000000000
  21		  5180	Not Found	0.00000020000000000000
  22		  7715	Not Found	0.00000020000000000000
  23		    86	Not Found	0.00000010000000000000
  24		  2035	Not Found	0.00000010000000000000
  25		  9036	Not Found	0.00000020000000000000
  26		  1318	Not Found	0.00000020000000000000
  27		  1509	   908	0.00000010000000000000
  28		   606	Not Found	0.00000010000000000000
  29		  7271	Not Found	0.00000010000000000000
  30		  7830	Not Found	0.00000010000000000000
  31		  6839	Not Found	0.00000010000000000000
  32		  7075	Not Found	0.00000010000000000000
  33		  1457	   876	0.00000010000000000000
  34		  2804	  1677	0.00000010000000000000
  35		  5160	Not Found	0.00000010000000000000
  36		  9508	  4773	0.00000020000000000000
  37		  2140	Not Found	0.00000010000000000000
  38		  2138	Not Found	0.00000010000000000000
  39		  1752	  1037	0.00000020000000000000
  40		  1208	   706	0.00000010000000000000
  41		  1901	Not Found	0.00000020000000000000
  42		  3951	Not Found	0.00000020000000000000
  43		  3574	  2025	0.00000010000000000000
  44		  8216	Not Found	0.00000010000000000000
  45		  9787	Not Found	0.00000020000000000000
  46		  3481	Not Found	0.00000010000000000000
  47		  7183	  3671	0.00000020000000000000
  48		  1951	Not Found	0.00000020000000000000
  49		   200	   128	0.00000020000000000000
  50		  6418	Not Found	0.00000020000000000000
  51		  7698	Not Found	0.00000010000000000000
  52		  8107	  4109	0.00000010000000000000
  53		  1588	   952	0.00000010000000000000
  54		  8270	Not Found	0.00000020000000000000
  55		  7174	Not Found	0.00000010000000000000
  56		   553	   331	0.00000010000000000000
  57		  5245	Not Found	0.00000010000000000000
  58		  5163	Not Found	0.00000010000000000000
  59		  2222	  1322	0.00000010000000000000
  60		  4880	  2639	0.00000010000000000000
  61		  5131	Not Found	0.00000010000000000000
  62		  9850	  4940	0.00000010000000000000
  63		  1388	   823	0.00000010000000000000
  64		   811	Not Found	0.00000020000000000000
  65		  7291	Not Found	0.00000010000000000000
  66		   461	Not Found	0.00000020000000000000
  67		  5523	  2925	0.00000010000000000000
  68		   269	Not Found	0.00000010000000000000
  69		  8906	Not Found	0.00000010000000000000
  70		   866	Not Found	0.00000010000000000000
  71		  1665	   992	0.00000010000000000000
  72		  8769	Not Found	0.00000020000000000000
  73		  9045	Not Found	0.00000010000000000000
  74		  4015	Not Found	0.00000020000000000000
  75		  7933	  4012	0.00000010000000000000
  76		  2944	Not Found	0.00000020000000000000
  77		  5951	Not Found	0.00000020000000000000
  78		  3742	  2101	0.00000010000000000000
  79		  6926	Not Found	0.00000020000000000000
  80		  4183	  2291	0.00000010000000000000
  81		  4467	Not Found	0.00000020000000000000
  82		  5947	Not Found	0.00000010000000000000
  83		  9869	  4946	0.00000020000000000000
  84		  6711	Not Found	0.00000020000000000000
  85		  2266	Not Found	0.00000010000000000000
  86		  5707	Not Found	0.00000020000000000000
  87		  4075	Not Found	0.00000020000000000000
  88		  5022	  2703	0.00000000000000000000
  89		  2510	  1523	0.00000010000000000000
  90		  8480	Not Found	0.00000020000000000000
  91		  1061	Not Found	0.00000020000000000000
  92		  4071	Not Found	0.00000010000000000000
  93		  1424	   848	0.00000010000000000000
  94		  1307	   776	0.00000010000000000000
  95		  4935	  2666	0.00000020000000000000
  96		  6061	Not Found	0.00000020000000000000
  97		  5816	Not Found	0.00000010000000000000
  98		  5585	  2953	0.00000010000000000000
  99		  8575	Not Found	0.00000020000000000000
 100		  8774	  4440	0.00000020000000000000
 101		  5643	Not Found	0.00000010000000000000
 102		  1776	Not Found	0.00000010000000000000
 103		  7044	Not Found	0.00000010000000000000
 104		  6030	Not Found	0.00000020000000000000
 105		  5409	  2874	0.00000010000000000000
 106		  2083	Not Found	0.00000010000000000000
 107		  6999	  3585	0.00000010000000000000
 108		  6945	Not Found	0.00000020000000000000
 109		  4119	Not Found	0.00000020000000000000
 110		  1285	Not Found	0.00000010000000000000
 111		  1544	   931	0.00000020000000000000
 112		  7165	  3662	0.00000010000000000000
 113		  1427	   850	0.00000010000000000000
 114		  2563	  1550	0.00000010000000000000
 115		  9116	  4592	0.00000010000000000000
 116		  9526	  4779	0.00000020000000000000
 117		  1223	Not Found	0.00000020000000000000
 118		  1733	Not Found	0.00000010000000000000
 119		  2173	  1292	0.00000010000000000000
 120		  1628	Not Found	0.00000010000000000000
 121		  2167	Not Found	0.00000010000000000000
 122		  8222	Not Found	0.00000020000000000000
 123		   899	Not Found	0.00000020000000000000
 124		  6059	  3184	0.00000010000000000000
 125		  4094	  2245	0.00000010000000000000
 126		  2721	  1639	0.00000010000000000000
 127		  7506	Not Found	0.00000010000000000000
 128		  5410	Not Found	0.00000010000000000000
 129		  1934	  1145	0.00000010000000000000
 130		  4423	  2410	0.00000020000000000000
 131		  8227	Not Found	0.00000010000000000000
 132		  2550	  1547	0.00000010000000000000
 133		   726	   432	0.00000010000000000000
 134		  7934	Not Found	0.00000010000000000000
 135		  3048	  1778	0.00000020000000000000
 136		   167	Not Found	0.00000010000000000000
 137		  7657	Not Found	0.00000020000000000000
 138		  2964	Not Found	0.00000020000000000000
 139		  8378	Not Found	0.00000010000000000000
 140		    50	Not Found	0.00000010000000000000
 141		  2989	Not Found	0.00000010000000000000
 142		  9909	  4959	0.00000020000000000000
 143		  9525	  4778	0.00000020000000000000
 144		   857	Not Found	0.00000020000000000000
 145		  2161	Not Found	0.00000010000000000000
 146		  5681	Not Found	0.00000010000000000000
 147		   471	Not Found	0.00000020000000000000
 148		  6881	  3535	0.00000010000000000000
 149		  1203	Not Found	0.00000010000000000000
 150		  1842	  1096	0.00000010000000000000
 151		  3173	Not Found	0.00000020000000000000
 152		  1306	Not Found	0.00000020000000000000
 153		  7904	  3992	0.00000010000000000000
 154		  5980	Not Found	0.00000010000000000000
 155		  4078	Not Found	0.00000010000000000000
 156		  7092	Not Found	0.00000020000000000000
 157		  2589	Not Found	0.00000020000000000000
 158		  1173	   690	0.00000010000000000000
 159		  8820	Not Found	0.00000010000000000000
 160		  6192	  3252	0.00000010000000000000
 161		  2902	Not Found	0.00000010000000000000
 162		  3399	  1946	0.00000010000000000000
 163		  3400	Not Found	0.00000010000000000000
 164		  4724	Not Found	0.00000020000000000000
 165		  5733	Not Found	0.00000020000000000000
 166		  1732	Not Found	0.00000010000000000000
 167		  1765	Not Found	0.00000010000000000000
 168		   340	Not Found	0.00000020000000000000
 169		  2037	Not Found	0.00000010000000000000
 170		   570	   341	0.00000020000000000000
 171		  5760	  3040	0.00000010000000000000
 172		  7693	Not Found	0.00000020000000000000
 173		  2759	  1653	0.00000010000000000000
 174		  2743	Not Found	0.00000010000000000000
 175		  6286	Not Found	0.00000020000000000000
 176		  1667	Not Found	0.00000020000000000000
 177		  2869	Not Found	0.00000020000000000000
 178		  5966	Not Found	0.00000020000000000000
 179		  5047	Not Found	0.00000010000000000000
 180		  1934	  1145	0.00000010000000000000
 181		  3685	Not Found	0.00000020000000000000
 182		  7018	Not Found	0.00000010000000000000
 183		  9546	Not Found	0.00000010000000000000
 184		  3136	  1816	0.00000010000000000000
 185		  8529	Not Found	0.00000020000000000000
 186		   755	   447	0.00000010000000000000
 187		    96	Not Found	0.00000010000000000000
 188		  9018	Not Found	0.00000020000000000000
 189		   628	   380	0.00000010000000000000
 190		  4767	Not Found	0.00000010000000000000
 191		  2757	Not Found	0.00000020000000000000
 192		  3888	Not Found	0.00000020000000000000
 193		  1095	   648	0.00000010000000000000
 194		   811	Not Found	0.00000020000000000000
 195		  1861	  1104	0.00000010000000000000
 196		  5722	Not Found	0.00000020000000000000
 197		  2046	Not Found	0.00000010000000000000
 198		  1050	Not Found	0.00000010000000000000
 199		  2211	  1317	0.00000010000000000000
 200		  9389	  4724	0.00000010000000000000
 201		  9916	Not Found	0.00000010000000000000
 202		  6220	  3262	0.00000010000000000000
 203		  3376	Not Found	0.00000010000000000000
 204		  9833	  4933	0.00000010000000000000
 205		  2366	Not Found	0.00000020000000000000
 206		    98	Not Found	0.00000020000000000000
 207		  6938	Not Found	0.00000020000000000000
 208		  5219	  2798	0.00000020000000000000
 209		  9334	  4707	0.00000020000000000000
 210		  7650	Not Found	0.00000010000000000000
 211		  1731	  1025	0.00000010000000000000
 212		  7910	  3997	0.00000010000000000000
 213		  6119	Not Found	0.00000020000000000000
 214		  2039	Not Found	0.00000010000000000000
 215		  5156	Not Found	0.00000020000000000000
 216		  6486	Not Found	0.00000010000000000000
 217		   737	Not Found	0.00000010000000000000
 218		  8954	Not Found	0.00000020000000000000
 219		  3457	  1974	0.00000020000000000000
 220		   982	Not Found	0.00000020000000000000
 221		  2365	  1424	0.00000010000000000000
 222		  5398	Not Found	0.00000020000000000000
 223		  2894	Not Found	0.00000010000000000000
 224		  4266	  2332	0.00000020000000000000
 225		  6779	Not Found	0.00000010000000000000
 226		  7896	  3986	0.00000010000000000000
 227		  6386	Not Found	0.00000010000000000000
 228		  4335	Not Found	0.00000010000000000000
 229		  4249	  2321	0.00000010000000000000
 230		  7558	  3831	0.00000010000000000000
 231		  5867	Not Found	0.00000010000000000000
 232		  2138	Not Found	0.00000010000000000000
 233		   552	   330	0.00000010000000000000
 234		  3107	Not Found	0.00000020000000000000
 235		  6003	  3154	0.00000010000000000000
 236		   334	Not Found	0.00000010000000000000
 237		  2250	Not Found	0.00000010000000000000
 238		  7152	  3655	0.00000010000000000000
 239		   754	   446	0.00000010000000000000
 240		  9122	  4594	0.00000010000000000000
 241		  7998	Not Found	0.00000020000000000000
 242		  7908	Not Found	0.00000020000000000000
 243		  9955	Not Found	0.00000020000000000000
 244		  3634	  2052	0.00000010000000000000
 245		  2991	Not Found	0.00000020000000000000
 246		  9934	  4973	0.00000010000000000000
 247		   795	Not Found	0.00000010000000000000
 248		  4404	  2404	0.00000010000000000000
 249		   809	   480	0.00000010000000000000
 250		  8858	  4471	0.00000010000000000000
 251		  9208	  4638	0.00000020000000000000
 252		   494	   298	0.00000010000000000000
 253		  1758	Not Found	0.00000020000000000000
 254		  7683	  3891	0.00000010000000000000
 255		  9734	Not Found	0.00000020000000000000
 256		  4007	Not Found	0.00000010000000000000
 257		  4264	  2330	0.00000010000000000000
 258		  2233	  1327	0.00000010000000000000
 259		  8600	  4366	0.00000010000000000000
 260		  9419	  4738	0.00000020000000000000
 261		  8432	Not Found	0.00000010000000000000
 262		  5651	Not Found	0.00000020000000000000
 263		  8372	Not Found	0.00000020000000000000
 264		  9859	Not Found	0.00000010000000000000
 265		    15	    14	0.00000020000000000000
 266		   134	Not Found	0.00000010000000000000
 267		  1728	  1023	0.00000010000000000000
 268		  7588	Not Found	0.00000020000000000000
 269		  1586	Not Found	0.00000010000000000000
 270		  1798	  1070	0.00000010000000000000
 271		  9468	Not Found	0.00000010000000000000
 272		  1894	Not Found	0.00000010000000000000
 273		  7651	Not Found	0.00000020000000000000
 274		  8556	Not Found	0.00000010000000000000
 275		   768	   455	0.00000020000000000000
 276		   760	   450	0.00000010000000000000
 277		  4758	Not Found	0.00000020000000000000
 278		   297	Not Found	0.00000020000000000000
 279		  4184	Not Found	0.00000010000000000000
 280		  6386	Not Found	0.00000010000000000000
 281		  8449	  4275	0.00000010000000000000
 282		  6155	Not Found	0.00000010000000000000
 283		  5709	Not Found	0.00000010000000000000
 284		  7900	  3988	0.00000010000000000000
 285		  8736	Not Found	0.00000020000000000000
 286		  2798	Not Found	0.00000010000000000000
 287		  7941	Not Found	0.00000010000000000000
 288		  1773	Not Found	0.00000010000000000000
 289		  6824	  3506	0.00000010000000000000
 290		  7108	  3631	0.00000000000000000000
 291		  7901	  3989	0.00000010000000000000
 292		  5430	Not Found	0.00000010000000000000
 293		  6650	Not Found	0.00000010000000000000
 294		  4583	Not Found	0.00000020000000000000
 295		  9527	  4780	0.00000010000000000000
 296		  3040	Not Found	0.00000010000000000000
 297		   570	   341	0.00000010000000000000
 298		  2542	  1542	0.00000020000000000000
 299		  1951	Not Found	0.00000010000000000000
 300		  3891	Not Found	0.00000010000000000000
 301		  8288	Not Found	0.00000020000000000000
 302		   190	Not Found	0.00000010000000000000
 303		  6210	Not Found	0.00000010000000000000
 304		  4041	  2223	0.00000010000000000000
 305		  2206	Not Found	0.00000010000000000000
 306		   515	   311	0.00000000000000000000
 307		  7457	Not Found	0.00000010000000000000
 308		  9314	Not Found	0.00000010000000000000
 309		   612	Not Found	0.00000010000000000000
 310		   976	   579	0.00000010000000000000
 311		  2738	  1647	0.00000020000000000000
 312		  1145	Not Found	0.00000010000000000000
 313		  4641	Not Found	0.00000010000000000000
 314		  1172	Not Found	0.00000020000000000000
 315		  7400	  3766	0.00000010000000000000
 316		  6374	Not Found	0.00000010000000000000
 317		  6427	  3345	0.00000010000000000000
 318		  2941	  1738	0.00000010000000000000
 319		  1876	Not Found	0.00000020000000000000
 320		  9910	  4960	0.00000010000000000000
 321		  1777	Not Found	0.00000020000000000000
 322		  4913	Not Found	0.00000010000000000000
 323		  9772	Not Found	0.00000020000000000000
 324		  2424	Not Found	0.00000020000000000000
 325		  7998	Not Found	0.00000010000000000000
 326		   794	Not Found	0.00000010000000000000
 327		  8827	Not Found	0.00000010000000000000
 328		  1385	Not Found	0.00000020000000000000
 329		  8528	Not Found	0.00000020000000000000
 330		  8514	Not Found	0.00000010000000000000
 331		  8616	Not Found	0.00000020000000000000
 332		  3299	  1890	0.00000020000000000000
 333		  1770	  1052	0.00000010000000000000
 334		   576	Not Found	0.00000020000000000000
 335		  3804	Not Found	0.00000010000000000000
 336		   817	Not Found	0.00000010000000000000
 337		  7927	  4008	0.00000010000000000000
 338		  3185	  1838	0.00000020000000000000
 339		  2158	  1283	0.00000010000000000000
 340		  6614	Not Found	0.00000010000000000000
 341		  8481	Not Found	0.00000010000000000000
 342		  8075	Not Found	0.00000010000000000000
 343		   801	   476	0.00000010000000000000
 344		  2143	  1274	0.00000010000000000000
 345		  6561	Not Found	0.00000020000000000000
 346		  4413	Not Found	0.00000020000000000000
 347		  6498	  3374	0.00000010000000000000
 348		  1926	  1140	0.00000010000000000000
 349		  7767	Not Found	0.00000020000000000000
 350		  8571	  4347	0.00000010000000000000
 351		    58	Not Found	0.00000010000000000000
 352		  2744	  1648	0.00000010000000000000
 353		  4331	Not Found	0.00000020000000000000
 354		  8217	Not Found	0.00000010000000000000
 355		  7466	Not Found	0.00000010000000000000
 356		   521	Not Found	0.00000020000000000000
 357		  4773	Not Found	0.00000020000000000000
 358		  2822	Not Found	0.00000010000000000000
 359		  5464	  2891	0.00000010000000000000
 360		  1047	   623	0.00000010000000000000
 361		  3627	  2049	0.00000010000000000000
 362		  5339	Not Found	0.00000010000000000000
 363		  6980	Not Found	0.00000020000000000000
 364		  1004	Not Found	0.00000020000000000000
 365		  2953	Not Found	0.00000010000000000000
 366		  3923	  2175	0.00000020000000000000
 367		  2000	  1186	0.00000020000000000000
 368		  8392	  4247	0.00000020000000000000
 369		  1734	Not Found	0.00000010000000000000
 370		  2302	Not Found	0.00000020000000000000
 371		  2016	  1196	0.00000010000000000000
 372		  2814	Not Found	0.00000010000000000000
 373		  7796	Not Found	0.00000010000000000000
 374		  1489	Not Found	0.00000020000000000000
 375		  4110	Not Found	0.00000010000000000000
 376		  8221	Not Found	0.00000010000000000000
 377		  3736	Not Found	0.00000020000000000000
 378		  1024	   609	0.00000010000000000000
 379		  1297	   769	0.00000010000000000000
 380		   627	   379	0.00000010000000000000
 381		  8891	  4481	0.00000010000000000000
 382		  6702	Not Found	0.00000020000000000000
 383		  9007	Not Found	0.00000010000000000000
 384		  6589	  3418	0.00000010000000000000
 385		  7584	Not Found	0.00000010000000000000
 386		  1460	   879	0.00000010000000000000
 387		   321	   194	0.00000010000000000000
 388		  9905	Not Found	0.00000010000000000000
 389		   775	Not Found	0.00000020000000000000
 390		  1920	  1135	0.00000010000000000000
 391		    22	Not Found	0.00000010000000000000
 392		   160	   100	0.00000010000000000000
 393		  2417	Not Found	0.00000020000000000000
 394		   480	Not Found	0.00000010000000000000
 395		  2842	Not Found	0.00000010000000000000
 396		  5030	Not Found	0.00000020000000000000
 397		  5957	Not Found	0.00000030000000000000
 398		  2224	  1323	0.00000030000000000000
 399		  4712	  2554	0.00000020000000000000
 400		  9380	Not Found	0.00000030000000000000
 401		  7363	Not Found	0.00000020000000000000
 402		  3776	  2118	0.00000020000000000000
 403		  5790	Not Found	0.00000020000000000000
 404		  6433	Not Found	0.00000020000000000000
 405		  2263	  1346	0.00000010000000000000
 406		  9370	  4719	0.00000010000000000000
 407		  3632	  2051	0.00000010000000000000
 408		  8508	  4314	0.00000020000000000000
 409		  5279	Not Found	0.00000020000000000000
 410		  8018	Not Found	0.00000010000000000000
 411		  5104	  2747	0.00000020000000000000
 412		  2452	Not Found	0.00000020000000000000
 413		   208	   132	0.00000020000000000000
 414		  7071	Not Found	0.00000010000000000000
 415		  5564	Not Found	0.00000020000000000000
 416		  8667	  4395	0.00000020000000000000
 417		  1447	Not Found	0.00000020000000000000
 418		  6489	Not Found	0.00000020000000000000
 419		   984	   585	0.00000010000000000000
 420		  4665	Not Found	0.00000010000000000000
 421		  1308	Not Found	0.00000020000000000000
 422		  3139	Not Found	0.00000020000000000000
 423		  8318	  4206	0.00000010000000000000
 424		   541	Not Found	0.00000010000000000000
 425		  2107	Not Found	0.00000010000000000000
 426		  1578	Not Found	0.00000020000000000000
 427		  8083	Not Found	0.00000020000000000000
 428		  3466	Not Found	0.00000010000000000000
 429		  1942	Not Found	0.00000010000000000000
 430		  8495	  4307	0.00000010000000000000
 431		  1084	   644	0.00000010000000000000
 432		  3919	  2173	0.00000010000000000000
 433		  9205	Not Found	0.00000010000000000000
 434		  5394	Not Found	0.00000010000000000000
 435		  7248	Not Found	0.00000020000000000000
 436		  6054	Not Found	0.00000010000000000000
 437		  6016	  3160	0.00000020000000000000
 438		  3663	Not Found	0.00000020000000000000
 439		  4496	  2450	0.00000010000000000000
 440		  8578	  4351	0.00000010000000000000
 441		  8190	Not Found	0.00000020000000000000
 442		  9822	  4926	0.00000010000000000000
 443		    68	Not Found	0.00000010000000000000
 444		  6371	Not Found	0.00000010000000000000
 445		  5326	Not Found	0.00000010000000000000
 446		  5973	  3140	0.00000010000000000000
 447		  7336	  3734	0.00000010000000000000
 448		  8188	  4144	0.00000000000000000000
 449		  2023	Not Found	0.00000020000000000000
 450		  5328	Not Found	0.00000010000000000000
 451		  4343	Not Found	0.00000010000000000000
 452		   647	Not Found	0.00000010000000000000
 453		   411	   252	0.00000010000000000000
 454		  8084	  4095	0.00000010000000000000
 455		  4791	Not Found	0.00000020000000000000
 456		  5991	Not Found	0.00000010000000000000
 457		  9489	Not Found	0.00000010000000000000
 458		  9841	Not Found	0.00000010000000000000
 459		  2357	Not Found	0.00000010000000000000
 460		  2766	  1660	0.00000020000000000000
 461		  5267	Not Found	0.00000020000000000000
 462		  2311	  1383	0.00000020000000000000
 463		  1650	Not Found	0.00000010000000000000
 464		  3056	  1781	0.00000020000000000000
 465		  4005	Not Found	0.00000020000000000000
 466		  7882	Not Found	0.00000020000000000000
 467		  3471	Not Found	0.00000010000000000000
 468		  3095	Not Found	0.00000010000000000000
 469		   232	   142	0.00000010000000000000
 470		  7336	  3734	0.00000010000000000000
 471		  8756	Not Found	0.00000010000000000000
 472		  4921	  2658	0.00000020000000000000
 473		  7357	  3742	0.00000010000000000000
 474		  1033	   613	0.00000010000000000000
 475		  1655	Not Found	0.00000010000000000000
 476		   791	Not Found	0.00000010000000000000
 477		  4893	Not Found	0.00000010000000000000
 478		  7961	Not Found	0.00000020000000000000
 479		  3323	  1906	0.00000020000000000000
 480		  6343	  3309	0.00000010000000000000
 481		  9465	Not Found	0.00000020000000000000
 482		  9107	Not Found	0.00000010000000000000
 483		  9671	Not Found	0.00000010000000000000
 484		  7604	  3851	0.00000010000000000000
 485		  8094	Not Found	0.00000020000000000000
 486		  8318	  4206	0.00000010000000000000
 487		  3577	Not Found	0.00000020000000000000
 488		  6756	Not Found	0.00000010000000000000
 489		  2011	Not Found	0.00000020000000000000
 490		  4956	Not Found	0.00000010000000000000
 491		  8634	  4383	0.00000010000000000000
 492		  3915	Not Found	0.00000010000000000000
 493		  1798	  1070	0.00000020000000000000
 494		  5968	Not Found	0.00000010000000000000
 495		  3876	Not Found	0.00000010000000000000
 496		  9823	Not Found	0.00000010000000000000
 497		   859	Not Found	0.00000020000000000000
 498		  8304	Not Found	0.00000020000000000000
 499		  7618	  3859	0.00000020000000000000
 500		   107	    69	0.00000010000000000000
 501		  2054	  1219	0.00000010000000000000
 502		  1612	   970	0.00000010000000000000
 503		  2630	Not Found	0.00000020000000000000
 504		  1543	Not Found	0.00000020000000000000
 505		    20	    16	0.00000020000000000000
 506		   894	   535	0.00000010000000000000
 507		   336	Not Found	0.00000020000000000000
 508		   344	Not Found	0.00000020000000000000
 509		  5525	  2926	0.00000010000000000000
 510		  4146	Not Found	0.00000010000000000000
 511		  9454	Not Found	0.00000020000000000000
 512		  5236	Not Found	0.00000020000000000000
 513		  4581	  2488	0.00000020000000000000
 514		  1896	  1118	0.00000010000000000000
 515		  4015	Not Found	0.00000020000000000000
 516		  9817	  4923	0.00000010000000000000
 517		  1403	   836	0.00000020000000000000
 518		  1959	Not Found	0.00000020000000000000
 519		  1277	Not Found	0.00000010000000000000
 520		  2302	Not Found	0.00000010000000000000
 521		  6705	  3455	0.00000010000000000000
 522		  5716	  3009	0.00000010000000000000
 523		  3194	Not Found	0.00000020000000000000
 524		  1802	Not Found	0.00000020000000000000
 525		  4437	Not Found	0.00000010000000000000
 526		  8323	  4211	0.00000010000000000000
 527		  2153	Not Found	0.00000020000000000000
 528		  3700	Not Found	0.00000010000000000000
 529		  2287	Not Found	0.00000020000000000000
 530		  9437	Not Found	0.00000010000000000000
 531		   625	Not Found	0.00000010000000000000
 532		  8634	  4383	0.00000010000000000000
 533		   132	    77	0.00000000000000000000
 534		  1508	   906	0.00000010000000000000
 535		  4797	Not Found	0.00000010000000000000
 536		  6134	Not Found	0.00000020000000000000
 537		  3002	Not Found	0.00000020000000000000
 538		  7747	Not Found	0.00000020000000000000
 539		  5432	Not Found	0.00000020000000000000
 540		  1870	  1107	0.00000010000000000000
 541		  2574	  1554	0.00000010000000000000
 542		  8361	Not Found	0.00000020000000000000
 543		  1352	Not Found	0.00000010000000000000
 544		  1723	  1021	0.00000010000000000000
 545		   530	Not Found	0.00000010000000000000
 546		  4103	  2252	0.00000020000000000000
 547		  2199	  1314	0.00000020000000000000
 548		  9932	Not Found	0.00000010000000000000
 549		  3355	  1922	0.00000010000000000000
 550		  3687	  2074	0.00000010000000000000
 551		  8650	Not Found	0.00000020000000000000
 552		  1308	Not Found	0.00000020000000000000
 553		  8490	  4303	0.00000020000000000000
 554		  8320	  4207	0.00000010000000000000
 555		  5627	  2973	0.00000020000000000000
 556		  5841	  3083	0.00000010000000000000
 557		  3753	  2106	0.00000010000000000000
 558		  9256	Not Found	0.00000020000000000000
 559		   570	   341	0.00000020000000000000
 560		  3383	Not Found	0.00000020000000000000
 561		  2088	Not Found	0.00000020000000000000
 562		   393	Not Found	0.00000010000000000000
 563		  6740	  3470	0.00000010000000000000
 564		  9660	Not Found	0.00000010000000000000
 565		  9080	Not Found	0.00000010000000000000
 566		   295	   184	0.00000010000000000000
 567		  8098	  4103	0.00000010000000000000
 568		  8365	Not Found	0.00000010000000000000
 569		  3785	Not Found	0.00000020000000000000
 570		  5648	  2978	0.00000010000000000000
 571		  6806	Not Found	0.00000010000000000000
 572		  5665	Not Found	0.00000010000000000000
 573		   127	    73	0.00000020000000000000
 574		  8229	  4158	0.00000010000000000000
 575		  8801	Not Found	0.00000010000000000000
 576		  6340	Not Found	0.00000010000000000000
 577		  5594	Not Found	0.00000010000000000000
 578		  1849	  1099	0.00000020000000000000
 579		  7896	  3986	0.00000010000000000000
 580		   663	Not Found	0.00000010000000000000
 581		  2934	Not Found	0.00000010000000000000
 582		   903	Not Found	0.00000010000000000000
 583		  7848	Not Found	0.00000010000000000000
 584		  8902	Not Found	0.00000020000000000000
 585		  4639	  2526	0.00000010000000000000
 586		  6377	Not Found	0.00000020000000000000
 587		  3303	Not Found	0.00000010000000000000
 588		  9354	Not Found	0.00000010000000000000
 589		  7353	  3740	0.00000010000000000000
 590		  4134	Not Found	0.00000010000000000000
 591		   142	    83	0.00000010000000000000
 592		  6784	  3486	0.00000010000000000000
 593		  3024	Not Found	0.00000010000000000000
 594		  8763	Not Found	0.00000010000000000000
 595		  3524	  2001	0.00000010000000000000
 596		  3161	  1829	0.00000020000000000000
 597		   556	Not Found	0.00000010000000000000
 598		  5038	Not Found	0.00000020000000000000
 599		  2300	  1376	0.00000010000000000000
 600		  8819	Not Found	0.00000010000000000000
 601		  7735	Not Found	0.00000010000000000000
 602		  7759	  3925	0.00000010000000000000
 603		  2098	  1246	0.00000010000000000000
 604		  4233	  2310	0.00000020000000000000
 605		  9313	  4696	0.00000010000000000000
 606		  7935	Not Found	0.00000010000000000000
 607		  4049	Not Found	0.00000010000000000000
 608		  4375	Not Found	0.00000010000000000000
 609		   403	   247	0.00000010000000000000
 610		  5893	  3106	0.00000020000000000000
 611		  5321	Not Found	0.00000010000000000000
 612		  5857	Not Found	0.00000010000000000000
 613		  6163	  3245	0.00000020000000000000
 614		  2031	Not Found	0.00000020000000000000
 615		  3487	Not Found	0.00000010000000000000
 616		  2195	  1309	0.00000010000000000000
 617		   312	   189	0.00000010000000000000
 618		  8134	Not Found	0.00000010000000000000
 619		  9670	  4847	0.00000010000000000000
 620		  7419	Not Found	0.00000010000000000000
 621		  1583	   948	0.00000010000000000000
 622		  7654	Not Found	0.00000020000000000000
 623		  6045	  3175	0.00000020000000000000
 624		  8263	  4174	0.00000010000000000000
 625		  9133	Not Found	0.00000010000000000000
 626		  5708	Not Found	0.00000020000000000000
 627		  1848	Not Found	0.00000010000000000000
 628		  3017	Not Found	0.00000010000000000000
 629		  9414	  4734	0.00000010000000000000
 630		  3824	Not Found	0.00000010000000000000
 631		  6867	Not Found	0.00000010000000000000
 632		  5602	Not Found	0.00000010000000000000
 633		  4269	  2334	0.00000010000000000000
 634		  4645	  2529	0.00000010000000000000
 635		   564	Not Found	0.00000020000000000000
 636		  9070	Not Found	0.00000010000000000000
 637		  1692	Not Found	0.00000010000000000000
 638		  4383	Not Found	0.00000010000000000000
 639		  7969	Not Found	0.00000010000000000000
 640		  2028	Not Found	0.00000020000000000000
 641		  9014	Not Found	0.00000020000000000000
 642		  3332	Not Found	0.00000020000000000000
 643		  6466	  3356	0.00000010000000000000
 644		  3889	Not Found	0.00000010000000000000
 645		  2268	  1351	0.00000010000000000000
 646		  2054	  1219	0.00000010000000000000
 647		  2648	Not Found	0.00000020000000000000
 648		  1981	Not Found	0.00000010000000000000
 649		   253	Not Found	0.00000010000000000000
 650		  6480	Not Found	0.00000010000000000000
 651		  1486	   892	0.00000020000000000000
 652		  9022	  4538	0.00000010000000000000
 653		  1521	Not Found	0.00000010000000000000
 654		  7231	Not Found	0.00000020000000000000
 655		  3151	  1824	0.00000010000000000000
 656		  4164	Not Found	0.00000010000000000000
 657		   648	   389	0.00000010000000000000
 658		  2563	  1550	0.00000010000000000000
 659		   361	   220	0.00000010000000000000
 660		  3173	Not Found	0.00000010000000000000
 661		  2014	Not Found	0.00000010000000000000
 662		   230	   141	0.00000010000000000000
 663		  5424	  2881	0.00000010000000000000
 664		  7729	Not Found	0.00000020000000000000
 665		  6227	Not Found	0.00000020000000000000
 666		  7053	Not Found	0.00000010000000000000
 667		   933	Not Found	0.00000010000000000000
 668		  2808	Not Found	0.00000010000000000000
 669		  5864	Not Found	0.00000010000000000000
 670		  1036	Not Found	0.00000010000000000000
 671		  9432	Not Found	0.00000010000000000000
 672		   251	   152	0.00000010000000000000
 673		  9531	Not Found	0.00000010000000000000
 674		  2510	  1523	0.00000010000000000000
 675		  9404	Not Found	0.00000020000000000000
 676		  1505	   903	0.00000010000000000000
 677		  1975	  1172	0.00000010000000000000
 678		  1445	   867	0.00000010000000000000
 679		  8266	  4176	0.00000010000000000000
 680		  3803	  2124	0.00000020000000000000
 681		  7094	Not Found	0.00000020000000000000
 682		  4479	  2445	0.00000020000000000000
 683		   521	Not Found	0.00000010000000000000
 684		  4906	  2652	0.00000010000000000000
 685		  3753	  2106	0.00000020000000000000
 686		  6842	Not Found	0.00000020000000000000
 687		  6029	Not Found	0.00000010000000000000
 688		  4511	  2454	0.00000010000000000000
 689		  4617	Not Found	0.00000020000000000000
 690		   841	   501	0.00000010000000000000
 691		  1021	   605	0.00000010000000000000
 692		   403	   247	0.00000010000000000000
 693		  6222	Not Found	0.00000010000000000000
 694		  4392	  2397	0.00000020000000000000
 695		  1290	   764	0.00000010000000000000
 696		  1736	  1026	0.00000010000000000000
 697		  6032	  3168	0.00000010000000000000
 698		  4828	Not Found	0.00000020000000000000
 699		  3548	  2012	0.00000010000000000000
 700		   912	Not Found	0.00000010000000000000
 701		  3629	  2050	0.00000010000000000000
 702		  9615	Not Found	0.00000010000000000000
 703		  3166	Not Found	0.00000010000000000000
 704		  6444	Not Found	0.00000010000000000000
 705		  7946	Not Found	0.00000010000000000000
 706		  2570	  1553	0.00000010000000000000
 707		  5518	Not Found	0.00000010000000000000
 708		  5512	Not Found	0.00000020000000000000
 709		   285	   177	0.00000010000000000000
 710		     3	     2	0.00000010000000000000
 711		  8510	Not Found	0.00000020000000000000
 712		  1349	Not Found	0.00000010000000000000
 713		  1354	Not Found	0.00000010000000000000
 714		  7066	Not Found	0.00000020000000000000
 715		   158	    99	0.00000020000000000000
 716		  2487	Not Found	0.00000020000000000000
 717		  3597	Not Found	0.00000010000000000000
 718		  5951	Not Found	0.00000010000000000000
 719		   638	   386	0.00000010000000000000
 720		  1312	Not Found	0.00000020000000000000
 721		  5976	Not Found	0.00000010000000000000
 722		  1158	   680	0.00000020000000000000
 723		  4638	Not Found	0.00000010000000000000
 724		  4316	Not Found	0.00000010000000000000
 725		  8637	Not Found	0.00000020000000000000
 726		  7469	  3792	0.00000010000000000000
 727		  1945	  1154	0.00000020000000000000
 728		  9535	  4782	0.00000020000000000000
 729		  6765	Not Found	0.00000020000000000000
 730		  7997	Not Found	0.00000020000000000000
 731		  2065	  1221	0.00000010000000000000
 732		  8908	  4489	0.00000020000000000000
 733		  1058	Not Found	0.00000010000000000000
 734		    95	    60	0.00000020000000000000
 735		  9132	  4600	0.00000010000000000000
 736		  1688	  1004	0.00000010000000000000
 737		  8139	Not Found	0.00000010000000000000
 738		  5601	Not Found	0.00000020000000000000
 739		  3968	  2196	0.00000010000000000000
 740		  1086	Not Found	0.00000010000000000000
 741		  2630	Not Found	0.00000020000000000000
 742		  4713	Not Found	0.00000020000000000000
 743		  5707	Not Found	0.00000010000000000000
 744		  1363	Not Found	0.00000010000000000000
 745		   371	   223	0.00000010000000000000
 746		  3818	Not Found	0.00000010000000000000
 747		  8790	  4446	0.00000020000000000000
 748		  3709	Not Found	0.00000020000000000000
 749		  2341	  1404	0.00000010000000000000
 750		  3349	Not Found	0.00000010000000000000
 751		  2634	Not Found	0.00000010000000000000
 752		  5792	  3059	0.00000010000000000000
 753		  2012	Not Found	0.00000020000000000000
 754		  7073	Not Found	0.00000020000000000000
 755		  4260	  2328	0.00000020000000000000
 756		   121	Not Found	0.00000010000000000000
 757		  1826	Not Found	0.00000010000000000000
 758		  6110	  3216	0.00000010000000000000
 759		  7333	Not Found	0.00000010000000000000
 760		  6094	  3205	0.00000010000000000000
 761		  1091	   646	0.00000010000000000000
 762		  3990	Not Found	0.00000010000000000000
 763		  2381	  1437	0.00000020000000000000
 764		  7925	  4007	0.00000010000000000000
 765		  2960	Not Found	0.00000010000000000000
 766		  4549	Not Found	0.00000020000000000000
 767		  1449	Not Found	0.00000010000000000000
 768		  4581	  2488	0.00000010000000000000
 769		  9109	Not Found	0.00000010000000000000
 770		  3866	  2156	0.00000010000000000000
 771		  2762	  1656	0.00000010000000000000
 772		   699	   414	0.00000020000000000000
 773		  4250	Not Found	0.00000010000000000000
 774		  7423	Not Found	0.00000020000000000000
 775		  1881	  1113	0.00000010000000000000
 776		  3197	Not Found	0.00000010000000000000
 777		  2135	  1271	0.00000010000000000000
 778		  7254	Not Found	0.00000010000000000000
 779		   888	   531	0.00000010000000000000
 780		  3348	Not Found	0.00000010000000000000
 781		  5547	Not Found	0.00000010000000000000
 782		   548	   328	0.00000010000000000000
 783		  7370	Not Found	0.00000010000000000000
 784		  5621	Not Found	0.00000020000000000000
 785		   671	Not Found	0.00000020000000000000
 786		  1251	Not Found	0.00000020000000000000
 787		  1781	  1062	0.00000010000000000000
 788		   320	   193	0.00000010000000000000
 789		  2630	Not Found	0.00000010000000000000
 790		  3522	Not Found	0.00000010000000000000
 791		  6023	Not Found	0.00000010000000000000
 792		  1758	Not Found	0.00000010000000000000
 793		  6792	  3491	0.00000020000000000000
 794		  9343	  4713	0.00000020000000000000
 795		  4775	  2591	0.00000010000000000000
 796		  4692	  2545	0.00000010000000000000
 797		  2879	Not Found	0.00000020000000000000
 798		  2232	  1326	0.00000010000000000000
 799		  3934	Not Found	0.00000010000000000000
 800		  1869	Not Found	0.00000010000000000000
 801		  6673	  3447	0.00000020000000000000
 802		  1502	Not Found	0.00000010000000000000
 803		  2149	Not Found	0.00000010000000000000
 804		  5191	Not Found	0.00000020000000000000
 805		  3584	Not Found	0.00000010000000000000
 806		  9932	Not Found	0.00000010000000000000
 807		   448	Not Found	0.00000020000000000000
 808		  6492	Not Found	0.00000020000000000000
 809		  2527	Not Found	0.00000010000000000000
 810		  6231	  3264	0.00000010000000000000
 811		  1468	Not Found	0.00000010000000000000
 812		  7316	Not Found	0.00000010000000000000
 813		  7510	Not Found	0.00000010000000000000
 814		  5621	Not Found	0.00000010000000000000
 815		  1589	Not Found	0.00000010000000000000
 816		  2153	Not Found	0.00000020000000000000
 817		  9479	  4762	0.00000020000000000000
 818		  3763	  2109	0.00000010000000000000
 819		  2411	Not Found	0.00000010000000000000
 820		  4091	Not Found	0.00000020000000000000
 821		  3857	Not Found	0.00000010000000000000
 822		  3938	Not Found	0.00000020000000000000
 823		  4582	  2489	0.00000010000000000000
 824		  4389	  2396	0.00000010000000000000
 825		  9540	Not Found	0.00000020000000000000
 826		  6305	Not Found	0.00000020000000000000
 827		  1767	Not Found	0.00000010000000000000
 828		  6000	Not Found	0.00000020000000000000
 829		  5863	  3093	0.00000020000000000000
 830		  8961	Not Found	0.00000020000000000000
 831		  1793	  1066	0.00000020000000000000
 832		   582	   352	0.00000010000000000000
 833		    71	    45	0.00000010000000000000
 834		  1749	  1036	0.00000010000000000000
 835		  6760	Not Found	0.00000020000000000000
 836		  5466	Not Found	0.00000020000000000000
 837		   577	   346	0.00000010000000000000
 838		  3368	Not Found	0.00000010000000000000
 839		    57	Not Found	0.00000010000000000000
 840		  1798	  1070	0.00000010000000000000
 841		  8706	Not Found	0.00000020000000000000
 842		  5316	Not Found	0.00000010000000000000
 843		  6090	  3201	0.00000010000000000000
 844		  8821	  4460	0.00000020000000000000
 845		  4029	Not Found	0.00000010000000000000
 846		  2128	  1267	0.00000010000000000000
 847		    35	Not Found	0.00000020000000000000
 848		  7026	Not Found	0.00000010000000000000
 849		  1085	Not Found	0.00000020000000000000
 850		  7625	Not Found	0.00000020000000000000
 851		  6366	  3323	0.00000000000000000000
 852		  9600	  4807	0.00000010000000000000
 853		  5355	Not Found	0.00000010000000000000
 854		  7077	Not Found	0.00000010000000000000
 855		  8202	  4150	0.00000010000000000000
 856		  8300	  4199	0.00000010000000000000
 857		  4593	  2496	0.00000010000000000000
 858		  3460	Not Found	0.00000010000000000000
 859		  4726	  2565	0.00000020000000000000
 860		  1472	Not Found	0.00000010000000000000
 861		  2928	  1734	0.00000010000000000000
 862		  4344	Not Found	0.00000010000000000000
 863		  5468	Not Found	0.00000010000000000000
 864		  3130	  1814	0.00000010000000000000
 865		   895	Not Found	0.00000020000000000000
 866		  6326	  3302	0.00000010000000000000
 867		   700	Not Found	0.00000010000000000000
 868		   796	   473	0.00000020000000000000
 869		  6677	Not Found	0.00000020000000000000
 870		  7116	  3637	0.00000010000000000000
 871		  7979	Not Found	0.00000010000000000000
 872		  7188	Not Found	0.00000020000000000000
 873		  9562	Not Found	0.00000010000000000000
 874		   950	Not Found	0.00000010000000000000
 875		  9163	Not Found	0.00000020000000000000
 876		  3903	Not Found	0.00000020000000000000
 877		  4105	Not Found	0.00000010000000000000
 878		   188	Not Found	0.00000020000000000000
 879		   541	Not Found	0.00000010000000000000
 880		    26	Not Found	0.00000020000000000000
 881		   488	Not Found	0.00000010000000000000
 882		  4959	Not Found	0.00000020000000000000
 883		  9940	  4975	0.00000020000000000000
 884		  3385	Not Found	0.00000020000000000000
 885		   171	   111	0.00000010000000000000
 886		  9220	  4644	0.00000010000000000000
 887		  1772	  1055	0.00000000000000000000
 888		  1483	   889	0.00000010000000000000
 889		  7862	Not Found	0.00000020000000000000
 890		  2335	Not Found	0.00000010000000000000
 891		    27	Not Found	0.00000010000000000000
 892		  6334	  3305	0.00000010000000000000
 893		  9361	  4716	0.00000010000000000000
 894		  6244	Not Found	0.00000020000000000000
 895		  4023	  2217	0.00000010000000000000
 896		  2207	Not Found	0.00000020000000000000
 897		   321	   194	0.00000010000000000000
 898		  3289	Not Found	0.00000020000000000000
 899		  2456	Not Found	0.00000010000000000000
 900		  4981	  2688	0.00000010000000000000
 901		  6532	Not Found	0.00000010000000000000
 902		  8816	  4456	0.00000010000000000000
 903		  9486	Not Found	0.00000020000000000000
 904		  8879	Not Found	0.00000010000000000000
 905		  2493	  1511	0.00000010000000000000
 906		  8676	  4400	0.00000020000000000000
 907		   102	Not Found	0.00000020000000000000
 908		  6970	  3574	0.00000010000000000000
 909		  3778	Not Found	0.00000010000000000000
 910		  5410	Not Found	0.00000020000000000000
 911		  6170	Not Found	0.00000010000000000000
 912		   151	Not Found	0.00000020000000000000
 913		  6114	  3221	0.00000010000000000000
 914		  2523	  1533	0.00000020000000000000
 915		  5511	  2920	0.00000010000000000000
 916		  3117	  1809	0.00000010000000000000
 917		    90	Not Found	0.00000010000000000000
 918		  4902	Not Found	0.00000020000000000000
 919		  9875	Not Found	0.00000020000000000000
 920		  6683	Not Found	0.00000010000000000000
 921		  2074	Not Found	0.00000020000000000000
 922		  3563	Not Found	0.00000020000000000000
 923		  8430	Not Found	0.00000020000000000000
 924		  1409	Not Found	0.00000010000000000000
 925		  6420	  3342	0.00000020000000000000
 926		  3549	Not Found	0.00000010000000000000
 927		  1752	  1037	0.00000010000000000000
 928		  1423	   847	0.00000010000000000000
 929		  2948	  1742	0.00000010000000000000
 930		  3640	Not Found	0.00000020000000000000
 931		  5524	Not Found	0.00000010000000000000
 932		  8493	  4306	0.00000010000000000000
 933		  4598	Not Found	0.00000020000000000000
 934		  7131	Not Found	0.00000010000000000000
 935		  2939	Not Found	0.00000010000000000000
 936		  7837	Not Found	0.00000010000000000000
 937		  3860	  2149	0.00000010000000000000
 938		  2519	  1528	0.00000010000000000000
 939		  4404	  2404	0.00000010000000000000
 940		  9726	Not Found	0.00000010000000000000
 941		  5055	Not Found	0.00000010000000000000
 942		  9962	Not Found	0.00000020000000000000
 943		  9682	Not Found	0.00000010000000000000
 944		  1155	   679	0.00000020000000000000
 945		   433	   265	0.00000020000000000000
 946		  7253	  3703	0.00000010000000000000
 947		   462	Not Found	0.00000020000000000000
 948		  8227	Not Found	0.00000020000000000000
 949		  1169	   688	0.00000020000000000000
 950		  9684	Not Found	0.00000020000000000000
 951		  1255	Not Found	0.00000010000000000000
 952		   322	   196	0.00000010000000000000
 953		  6150	  3242	0.00000020000000000000
 954		  3487	Not Found	0.00000010000000000000
 955		  7400	  3766	0.00000010000000000000
 956		  7584	Not Found	0.00000020000000000000
 957		  6863	  3523	0.00000010000000000000
 958		  3404	Not Found	0.00000010000000000000
 959		  4345	  2369	0.00000010000000000000
 960		  3601	  2037	0.00000020000000000000
 961		  2962	  1748	0.00000020000000000000
 962		  7480	Not Found	0.00000020000000000000
 963		  3944	Not Found	0.00000010000000000000
 964		   797	   474	0.00000020000000000000
 965		  5763	Not Found	0.00000020000000000000
 966		  7286	Not Found	0.00000020000000000000
 967		   233	   143	0.00000010000000000000
 968		  8712	Not Found	0.00000010000000000000
 969		  6839	Not Found	0.00000010000000000000
 970		  2839	  1691	0.00000010000000000000
 971		  5339	Not Found	0.00000020000000000000
 972		  2244	  1331	0.00000020000000000000
 973		  1450	   869	0.00000010000000000000
 974		  4267	  2333	0.00000020000000000000
 975		  2462	  1489	0.00000010000000000000
 976		  3237	Not Found	0.00000020000000000000
 977		  9342	  4712	0.00000020000000000000
 978		   726	   432	0.00000010000000000000
 979		  1026	   610	0.00000010000000000000
 980		  6517	  3384	0.00000010000000000000
 981		  2662	  1603	0.00000020000000000000
 982		   150	Not Found	0.00000020000000000000
 983		  1585	   950	0.00000010000000000000
 984		   810	   481	0.00000020000000000000
 985		  3058	  1782	0.00000020000000000000
 986		  7556	Not Found	0.00000020000000000000
 987		  8784	Not Found	0.00000020000000000000
 988		  5813	  3065	0.00000020000000000000
 989		  4955	Not Found	0.00000010000000000000
 990		  2281	  1361	0.00000010000000000000
 991		  7185	  3672	0.00000020000000000000
 992		  3548	  2012	0.00000010000000000000
 993		  6897	  3543	0.00000000000000000000
 994		  7859	Not Found	0.00000010000000000000
 995		   605	Not Found	0.00000010000000000000
 996		  5259	Not Found	0.00000020000000000000
 997		  1954	Not Found	0.00000010000000000000
 998		  7225	Not Found	0.00000020000000000000
 999		  3584	Not Found	0.00000010000000000000
1000		   902	Not Found	0.00000010000000000000
