BINARY SEARCH ANALYSIS
Array Size = 11000
-------------------------------------------
Iteration	Key	Index	Time (sec)
-------------------------------------------
   1		   773	   552	0.00000030000000000000
   2		 15938	Not Found	0.00000020000000000000
   3		 11199	  7456	0.00000020000000000000
   4		  9321	Not Found	0.00000010000000000000
   5		 11084	Not Found	0.00000010000000000000
   6		  1647	Not Found	0.00000020000000000000
   7		  6365	Not Found	0.00000010000000000000
   8		 12862	Not Found	0.00000020000000000000
   9		  7869	Not Found	0.00000020000000000000
  10		 20556	Not Found	0.00000020000000000000
  11		 14612	  8594	0.00000010000000000000
  12		  7805	Not Found	0.00000010000000000000
  13		  5871	  4035	0.00000010000000000000
  14		  1492	Not Found	0.00000010000000000000
  15		 18996	Not Found	0.00000020000000000000
  16		 12746	Not Found	0.00000020000000000000
  17		  3930	Not Found	0.00000010000000000000
  18		 17199	  9493	0.00000010000000000000
  19		  1237	   852	0.00000010000000000000
  20		  6902	  4702	0.00000020000000000000
  21		  1483	  1025	0.00000010000000000000
  22		 14195	  8468	0.00000010000000000000
  23		 12002	Not Found	0.00000010000000000000
  24		 19218	 10077	0.00000020000000000000
  25		 14330	Not Found	0.00000010000000000000
  26		  4620	Not Found	0.00000020000000000000
  27		 12776	Not Found	0.00000010000000000000
  28		   217	   153	0.00000010000000000000
  29		  6345	Not Found	0.00000010000000000000
  30		  5983	  4103	0.00000010000000000000
  31		 10635	Not Found	0.00000020000000000000
  32		 18094	Not Found	0.00000020000000000000
  33		 16751	  9343	0.00000010000000000000
  34		 13131	Not Found	0.00000020000000000000
  35		 10202	  6915	0.00000010000000000000
  36		 10948	  7368	0.00000010000000000000
  37		  8822	Not Found	0.00000010000000000000
  38		  3602	Not Found	0.00000020000000000000
  39		  5924	  4067	0.00000010000000000000
  40		 20957	 10639	0.00000010000000000000
  41		 14450	Not Found	0.00000010000000000000
  42		 18199	  9787	0.00000010000000000000
  43		  4204	Not Found	0.00000010000000000000
  44		  2405	  1680	0.00000020000000000000
  45		  4564	  3169	0.00000010000000000000
  46		  9960	Not Found	0.00000010000000000000
  47		 21433	Not Found	0.00000010000000000000
  48		  4879	  3399	0.00000010000000000000
  49		  8301	Not Found	0.00000020000000000000
  50		 21981	Not Found	0.00000030000000000000
  51		  4864	  3384	0.00000010000000000000
  52		 12640	  7929	0.00000020000000000000
  53		  1255	   861	0.00000020000000000000
  54		 10481	Not Found	0.00000010000000000000
  55		  4342	Not Found	0.00000020000000000000
  56		 21019	 10658	0.00000010000000000000
  57		  1952	Not Found	0.00000010000000000000
  58		  7889	  5364	0.00000010000000000000
  59		  6768	Not Found	0.00000010000000000000
  60		  5309	  3675	0.00000010000000000000
  61		  1704	Not Found	0.00000020000000000000
  62		  6947	Not Found	0.00000010000000000000
  63		 11790	  7649	0.00000010000000000000
  64		 10074	  6841	0.00000020000000000000
  65		  3133	Not Found	0.00000010000000000000
  66		  8313	Not Found	0.00000010000000000000
  67		  3032	Not Found	0.00000010000000000000
  68		 13415	Not Found	0.00000010000000000000
  69		  4629	Not Found	0.00000010000000000000
  70		 10038	Not Found	0.00000010000000000000
  71		 20759	Not Found	0.00000020000000000000
  72		  7066	Not Found	0.00000010000000000000
  73		  4701	Not Found	0.00000010000000000000
  74		 13536	Not Found	0.00000010000000000000
  75		 20743	Not Found	0.00000010000000000000
  76		  9135	  6229	0.00000010000000000000
  77		 16543	Not Found	0.00000020000000000000
  78		 16758	Not Found	0.00000010000000000000
  79		 13531	Not Found	0.00000010000000000000
  80		 21148	Not Found	0.00000010000000000000
  81		 17529	Not Found	0.00000020000000000000
  82		 13492	Not Found	0.00000010000000000000
  83		  1810	  1255	0.00000020000000000000
  84		   983	   698	0.00000010000000000000
  85		  8283	  5639	0.00000010000000000000
  86		  9781	  6659	0.00000010000000000000
  87		  4537	  3148	0.00000010000000000000
  88		 16423	Not Found	0.00000010000000000000
  89		  2192	Not Found	0.00000020000000000000
  90		  2872	  2008	0.00000020000000000000
  91		   129	   102	0.00000020000000000000
  92		 11064	  7406	0.00000020000000000000
  93		 21698	Not Found	0.00000020000000000000
  94		 20294	Not Found	0.00000020000000000000
  95		  2002	  1395	0.00000010000000000000
  96		 19939	Not Found	0.00000020000000000000
  97		 10680	  7248	0.00000010000000000000
  98		 21699	Not Found	0.00000020000000000000
  99		  3696	  2558	0.00000020000000000000
 100		  3500	Not Found	0.00000020000000000000
 101		 13601	Not Found	0.00000020000000000000
 102		  4467	  3095	0.00000020000000000000
 103		 10221	Not Found	0.00000010000000000000
 104		  2094	  1448	0.00000010000000000000
 105		 16261	Not Found	0.00000010000000000000
 106		  1999	Not Found	0.00000010000000000000
 107		 20591	Not Found	0.00000020000000000000
 108		  3268	Not Found	0.00000030000000000000
 109		  3881	Not Found	0.00000010000000000000
 110		  1096	   762	0.00000020000000000000
 111		 10163	Not Found	0.00000020000000000000
 112		  2202	Not Found	0.00000020000000000000
 113		  8164	  5557	0.00000020000000000000
 114		  3804	  2643	0.00000020000000000000
 115		 19282	 10102	0.00000010000000000000
 116		 21124	Not Found	0.00000010000000000000
 117		 15648	Not Found	0.00000020000000000000
 118		  6886	Not Found	0.00000020000000000000
 119		  3635	  2523	0.00000010000000000000
 120		  7708	  5260	0.00000010000000000000
 121		 16867	Not Found	0.00000010000000000000
 122		  4938	Not Found	0.00000010000000000000
 123		 21410	Not Found	0.00000020000000000000
 124		  5090	  3550	0.00000010000000000000
 125		   766	Not Found	0.00000020000000000000
 126		 20593	 10530	0.00000010000000000000
 127		   687	Not Found	0.00000010000000000000
 128		  9791	Not Found	0.00000020000000000000
 129		  7733	Not Found	0.00000020000000000000
 130		  2450	  1719	0.00000010000000000000
 131		  7210	  4899	0.00000020000000000000
 132		  4346	Not Found	0.00000020000000000000
 133		  7265	  4938	0.00000010000000000000
 134		  3731	  2582	0.00000010000000000000
 135		 19054	Not Found	0.00000010000000000000
 136		 12463	Not Found	0.00000020000000000000
 137		  3427	Not Found	0.00000010000000000000
 138		  7198	  4892	0.00000020000000000000
 139		  6187	  4246	0.00000030000000000000
 140		  7213	Not Found	0.00000010000000000000
 141		  5386	  3731	0.00000020000000000000
 142		  9206	Not Found	0.00000020000000000000
 143		 12824	  8000	0.00000020000000000000
 144		  8367	  5702	0.00000010000000000000
 145		  5878	Not Found	0.00000010000000000000
 146		   396	   280	0.00000010000000000000
 147		  9336	  6354	0.00000010000000000000
 148		  4621	Not Found	0.00000020000000000000
 149		  5630	Not Found	0.00000020000000000000
 150		 19149	Not Found	0.00000010000000000000
 151		 11149	Not Found	0.00000010000000000000
 152		  6372	  4385	0.00000010000000000000
 153		 19215	 10075	0.00000010000000000000
 154		  2863	Not Found	0.00000020000000000000
 155		 14171	Not Found	0.00000020000000000000
 156		  1523	  1059	0.00000020000000000000
 157		  4389	Not Found	0.00000020000000000000
 158		 16204	  9165	0.00000010000000000000
 159		  1726	Not Found	0.00000010000000000000
 160		  6183	  4244	0.00000020000000000000
 161		   991	   707	0.00000010000000000000
 162		  5597	Not Found	0.00000020000000000000
 163		   366	   259	0.00000020000000000000
 164		  9930	Not Found	0.00000020000000000000
 165		 11886	Not Found	0.00000010000000000000
 166		  4155	  2872	0.00000020000000000000
 167		   466	Not Found	0.00000010000000000000
 168		 10743	  7286	0.00000010000000000000
 169		 13615	  8253	0.00000010000000000000
 170		  5074	  3539	0.00000020000000000000
 171		  4051	  2803	0.00000020000000000000
 172		  3905	  2712	0.00000010000000000000
 173		 14906	  8686	0.00000020000000000000
 174		   808	   571	0.00000010000000000000
 175		 19010	Not Found	0.00000020000000000000
 176		 20724	Not Found	0.00000020000000000000
 177		  9161	Not Found	0.00000010000000000000
 178		 17852	Not Found	0.00000010000000000000
 179		  3341	Not Found	0.00000010000000000000
 180		 19100	Not Found	0.00000020000000000000
 181		 15244	Not Found	0.00000020000000000000
 182		 10642	Not Found	0.00000010000000000000
 183		  1214	Not Found	0.00000010000000000000
 184		   357	Not Found	0.00000010000000000000
 185		 10061	Not Found	0.00000010000000000000
 186		  2366	  1646	0.00000020000000000000
 187		   820	   579	0.00000010000000000000
 188		  6867	Not Found	0.00000020000000000000
 189		 21712	 10892	0.00000010000000000000
 190		 16510	Not Found	0.00000010000000000000
 191		  7158	  4872	0.00000020000000000000
 192		 11187	Not Found	0.00000020000000000000
 193		  1805	Not Found	0.00000010000000000000
 194		  4813	  3348	0.00000020000000000000
 195		  4805	Not Found	0.00000010000000000000
 196		  7522	  5127	0.00000010000000000000
 197		  8768	  5974	0.00000010000000000000
 198		  3558	Not Found	0.00000010000000000000
 199		  3361	Not Found	0.00000010000000000000
 200		   252	Not Found	0.00000010000000000000
 201		 11825	  7672	0.00000010000000000000
 202		 10518	Not Found	0.00000010000000000000
 203		 10943	  7367	0.00000010000000000000
 204		 12647	Not Found	0.00000010000000000000
 205		  4720	Not Found	0.00000010000000000000
 206		  2181	  1517	0.00000010000000000000
 207		 12842	  8007	0.00000010000000000000
 208		 19265	Not Found	0.00000020000000000000
 209		 20691	Not Found	0.00000010000000000000
 210		 21701	 10891	0.00000010000000000000
 211		 13672	  8279	0.00000020000000000000
 212		  3784	Not Found	0.00000020000000000000
 213		  3780	Not Found	0.00000010000000000000
 214		 12460	Not Found	0.00000010000000000000
 215		 21198	Not Found	0.00000010000000000000
 216		 19593	Not Found	0.00000010000000000000
 217		  6116	  4189	0.00000020000000000000
 218		 16735	Not Found	0.00000020000000000000
 219		 17078	  9443	0.00000010000000000000
 220		  9226	  6287	0.00000010000000000000
 221		  7685	  5243	0.00000020000000000000
 222		  9920	Not Found	0.00000020000000000000
 223		 15487	Not Found	0.00000010000000000000
 224		  3788	  2625	0.00000010000000000000
 225		  5110	Not Found	0.00000020000000000000
 226		 12714	  7960	0.00000020000000000000
 227		 11478	Not Found	0.00000010000000000000
 228		  9531	  6481	0.00000010000000000000
 229		  1183	   818	0.00000020000000000000
 230		 10617	Not Found	0.00000020000000000000
 231		  8500	Not Found	0.00000010000000000000
 232		 15992	Not Found	0.00000010000000000000
 233		   944	   668	0.00000010000000000000
 234		 11824	Not Found	0.00000010000000000000
 235		  3240	  2262	0.00000010000000000000
 236		 12809	  7991	0.00000000000000000000
 237		 12150	Not Found	0.00000020000000000000
 238		  7861	Not Found	0.00000010000000000000
 239		 18903	Not Found	0.00000020000000000000
 240		  3967	  2754	0.00000010000000000000
 241		  5198	Not Found	0.00000020000000000000
 242		 17343	Not Found	0.00000020000000000000
 243		 10321	  6985	0.00000020000000000000
 244		 11496	Not Found	0.00000010000000000000
 245		  7260	Not Found	0.00000010000000000000
 246		  1027	   728	0.00000010000000000000
 247		 17094	Not Found	0.00000010000000000000
 248		  4918	  3427	0.00000010000000000000
 249		  7214	  4909	0.00000010000000000000
 250		 20971	Not Found	0.00000030000000000000
 251		 13672	  8279	0.00000010000000000000
 252		   769	Not Found	0.00000020000000000000
 253		 16460	Not Found	0.00000010000000000000
 254		  8329	  5673	0.00000010000000000000
 255		   610	   449	0.00000010000000000000
 256		  5416	  3752	0.00000010000000000000
 257		 10499	  7119	0.00000010000000000000
 258		  5019	Not Found	0.00000020000000000000
 259		  3114	  2182	0.00000010000000000000
 260		 10429	  7068	0.00000020000000000000
 261		 14371	Not Found	0.00000020000000000000
 262		 14431	Not Found	0.00000010000000000000
 263		  3411	  2369	0.00000010000000000000
 264		  2946	  2060	0.00000010000000000000
 265		 21750	 10901	0.00000010000000000000
 266		 15160	  8789	0.00000010000000000000
 267		  3862	Not Found	0.00000020000000000000
 268		  9358	  6366	0.00000020000000000000
 269		  8482	  5779	0.00000010000000000000
 270		 13409	Not Found	0.00000010000000000000
 271		  3937	  2733	0.00000010000000000000
 272		 16788	Not Found	0.00000020000000000000
 273		  8832	  6014	0.00000010000000000000
 274		  5586	Not Found	0.00000020000000000000
 275		 21521	Not Found	0.00000010000000000000
 276		   358	   252	0.00000020000000000000
 277		  6445	  4442	0.00000020000000000000
 278		  9489	Not Found	0.00000020000000000000
 279		  8125	Not Found	0.00000010000000000000
 280		  4694	  3254	0.00000010000000000000
 281		  8001	  5442	0.00000010000000000000
 282		  7946	Not Found	0.00000020000000000000
 283		 20178	Not Found	0.00000010000000000000
 284		 10494	Not Found	0.00000010000000000000
 285		  2463	  1732	0.00000010000000000000
 286		  1730	Not Found	0.00000020000000000000
 287		 10118	  6866	0.00000010000000000000
 288		 13025	Not Found	0.00000020000000000000
 289		  1148	   796	0.00000010000000000000
 290		  8088	Not Found	0.00000010000000000000
 291		  8983	Not Found	0.00000010000000000000
 292		 19520	Not Found	0.00000020000000000000
 293		  6612	Not Found	0.00000010000000000000
 294		 14958	Not Found	0.00000020000000000000
 295		 17476	  9574	0.00000010000000000000
 296		  3313	Not Found	0.00000010000000000000
 297		 21833	 10933	0.00000020000000000000
 298		   103	    85	0.00000020000000000000
 299		 16735	Not Found	0.00000020000000000000
 300		    94	    77	0.00000020000000000000
 301		  8973	Not Found	0.00000020000000000000
 302		 15409	Not Found	0.00000010000000000000
 303		 19617	Not Found	0.00000010000000000000
 304		 10602	Not Found	0.00000010000000000000
 305		 17330	Not Found	0.00000010000000000000
 306		  4644	Not Found	0.00000020000000000000
 307		   350	Not Found	0.00000010000000000000
 308		 19625	Not Found	0.00000010000000000000
 309		  4063	Not Found	0.00000010000000000000
 310		  6011	  4119	0.00000020000000000000
 311		   139	   112	0.00000010000000000000
 312		 10960	Not Found	0.00000020000000000000
 313		  7318	Not Found	0.00000020000000000000
 314		 21171	 10712	0.00000010000000000000
 315		 13949	Not Found	0.00000010000000000000
 316		 16234	Not Found	0.00000020000000000000
 317		  7620	Not Found	0.00000020000000000000
 318		  4066	  2810	0.00000010000000000000
 319		 11763	Not Found	0.00000020000000000000
 320		   477	Not Found	0.00000010000000000000
 321		  9353	Not Found	0.00000010000000000000
 322		  9995	Not Found	0.00000010000000000000
 323		  5207	Not Found	0.00000010000000000000
 324		  5709	Not Found	0.00000010000000000000
 325		  2617	  1818	0.00000020000000000000
 326		  2878	Not Found	0.00000010000000000000
 327		 21313	Not Found	0.00000010000000000000
 328		 13743	Not Found	0.00000010000000000000
 329		 19442	 10165	0.00000020000000000000
 330		 18868	  9991	0.00000020000000000000
 331		  3405	Not Found	0.00000010000000000000
 332		  8417	Not Found	0.00000010000000000000
 333		 16686	Not Found	0.00000020000000000000
 334		 11468	  7548	0.00000010000000000000
 335		 15310	  8847	0.00000010000000000000
 336		 13032	  8073	0.00000020000000000000
 337		 21547	Not Found	0.00000010000000000000
 338		 17376	Not Found	0.00000010000000000000
 339		  1203	   830	0.00000010000000000000
 340		 13081	Not Found	0.00000020000000000000
 341		 13114	Not Found	0.00000010000000000000
 342		 14092	Not Found	0.00000020000000000000
 343		  5752	Not Found	0.00000020000000000000
 344		  2972	Not Found	0.00000020000000000000
 345		  9589	Not Found	0.00000010000000000000
 346		   335	Not Found	0.00000010000000000000
 347		 18416	Not Found	0.00000010000000000000
 348		 10190	  6907	0.00000010000000000000
 349		  8292	Not Found	0.00000010000000000000
 350		  7842	Not Found	0.00000010000000000000
 351		  2530	Not Found	0.00000020000000000000
 352		 16854	  9369	0.00000000000000000000
 353		  6530	Not Found	0.00000020000000000000
 354		  6377	  4388	0.00000010000000000000
 355		  3682	  2547	0.00000010000000000000
 356		  7498	Not Found	0.00000010000000000000
 357		  3675	Not Found	0.00000010000000000000
 358		 13432	  8185	0.00000020000000000000
 359		  4929	  3434	0.00000010000000000000
 360		  7331	  4996	0.00000010000000000000
 361		  5176	Not Found	0.00000010000000000000
 362		  9081	  6193	0.00000010000000000000
 363		 16423	Not Found	0.00000010000000000000
 364		 17791	Not Found	0.00000020000000000000
 365		 13119	Not Found	0.00000010000000000000
 366		   219	Not Found	0.00000020000000000000
 367		  3312	  2305	0.00000020000000000000
 368		  6149	Not Found	0.00000020000000000000
 369		 17461	  9570	0.00000010000000000000
 370		  9276	Not Found	0.00000020000000000000
 371		  4245	  2935	0.00000010000000000000
 372		 15646	Not Found	0.00000010000000000000
 373		  2101	Not Found	0.00000020000000000000
 374		  3946	  2741	0.00000010000000000000
 375		 13901	Not Found	0.00000020000000000000
 376		  2434	Not Found	0.00000020000000000000
 377		  2822	  1973	0.00000040000000000000
 378		 12998	Not Found	0.00000010000000000000
 379		  4787	  3323	0.00000010000000000000
 380		 10624	  7203	0.00000010000000000000
 381		  1879	  1310	0.00000010000000000000
 382		 17818	  9669	0.00000020000000000000
 383		 10026	  6817	0.00000010000000000000
 384		 21219	Not Found	0.00000020000000000000
 385		 13214	Not Found	0.00000010000000000000
 386		  9821	  6680	0.00000010000000000000
 387		  7614	  5198	0.00000020000000000000
 388		  1921	Not Found	0.00000010000000000000
 389		 11970	  7726	0.00000020000000000000
 390		 17348	Not Found	0.00000010000000000000
 391		  9565	Not Found	0.00000020000000000000
 392		  9925	  6748	0.00000020000000000000
 393		  7525	Not Found	0.00000020000000000000
 394		 13771	Not Found	0.00000010000000000000
 395		   422	Not Found	0.00000020000000000000
 396		  4512	Not Found	0.00000020000000000000
 397		 12038	Not Found	0.00000010000000000000
 398		 14085	Not Found	0.00000020000000000000
 399		  4080	Not Found	0.00000020000000000000
 400		  3707	Not Found	0.00000020000000000000
 401		  6166	Not Found	0.00000010000000000000
 402		 18480	Not Found	0.00000010000000000000
 403		  2958	  2066	0.00000020000000000000
 404		   304	   215	0.00000010000000000000
 405		 16730	Not Found	0.00000020000000000000
 406		 12813	Not Found	0.00000010000000000000
 407		 20289	Not Found	0.00000020000000000000
 408		  7034	Not Found	0.00000010000000000000
 409		  1680	Not Found	0.00000010000000000000
 410		   895	Not Found	0.00000020000000000000
 411		  1119	Not Found	0.00000010000000000000
 412		  6634	  4545	0.00000010000000000000
 413		 18517	  9878	0.00000010000000000000
 414		  6545	Not Found	0.00000010000000000000
 415		  3555	  2476	0.00000020000000000000
 416		  4315	  2985	0.00000010000000000000
 417		 21830	 10932	0.00000040000000000000
 418		  6316	  4338	0.00000010000000000000
 419		   757	Not Found	0.00000010000000000000
 420		 13144	Not Found	0.00000010000000000000
 421		  6262	  4302	0.00000010000000000000
 422		 19145	Not Found	0.00000020000000000000
 423		  8316	  5661	0.00000010000000000000
 424		 13517	Not Found	0.00000020000000000000
 425		  5328	Not Found	0.00000010000000000000
 426		  5844	Not Found	0.00000010000000000000
 427		  1345	   936	0.00000010000000000000
 428		  3244	  2266	0.00000020000000000000
 429		 15949	  9075	0.00000010000000000000
 430		 20979	Not Found	0.00000010000000000000
 431		  1765	Not Found	0.00000010000000000000
 432		  5745	Not Found	0.00000010000000000000
 433		  4647	  3218	0.00000020000000000000
 434		  1302	   898	0.00000020000000000000
 435		  4133	Not Found	0.00000020000000000000
 436		 20871	Not Found	0.00000020000000000000
 437		  2975	Not Found	0.00000010000000000000
 438		 12494	Not Found	0.00000010000000000000
 439		  7245	Not Found	0.00000020000000000000
 440		  2140	  1479	0.00000020000000000000
 441		 14716	  8630	0.00000010000000000000
 442		   866	   613	0.00000010000000000000
 443		  5707	  3943	0.00000010000000000000
 444		 12914	Not Found	0.00000010000000000000
 445		 11078	  7414	0.00000010000000000000
 446		 13600	Not Found	0.00000010000000000000
 447		  4118	  2846	0.00000020000000000000
 448		  9640	Not Found	0.00000020000000000000
 449		  8386	  5715	0.00000010000000000000
 450		 10497	Not Found	0.00000010000000000000
 451		 12943	Not Found	0.00000010000000000000
 452		 14169	Not Found	0.00000010000000000000
 453		  9742	  6621	0.00000010000000000000
 454		  2368	  1647	0.00000020000000000000
 455		  3510	  2437	0.00000010000000000000
 456		 18387	  9844	0.00000020000000000000
 457		  5008	Not Found	0.00000010000000000000
 458		  8380	Not Found	0.00000020000000000000
 459		  1680	Not Found	0.00000020000000000000
 460		  8715	Not Found	0.00000010000000000000
 461		 16090	Not Found	0.00000010000000000000
 462		   604	   445	0.00000010000000000000
 463		 21447	Not Found	0.00000010000000000000
 464		   911	Not Found	0.00000010000000000000
 465		  2704	  1883	0.00000020000000000000
 466		 19459	Not Found	0.00000010000000000000
 467		  5875	  4038	0.00000010000000000000
 468		  2763	  1931	0.00000010000000000000
 469		 16317	  9214	0.00000020000000000000
 470		  9045	Not Found	0.00000020000000000000
 471		  8328	  5672	0.00000010000000000000
 472		 14640	Not Found	0.00000010000000000000
 473		  1299	   895	0.00000010000000000000
 474		 11464	  7547	0.00000020000000000000
 475		  7231	  4920	0.00000010000000000000
 476		  4226	  2919	0.00000020000000000000
 477		 19937	 10333	0.00000010000000000000
 478		  2814	  1969	0.00000010000000000000
 479		 18874	  9994	0.00000010000000000000
 480		  2369	  1648	0.00000010000000000000
 481		 20010	Not Found	0.00000010000000000000
 482		    98	Not Found	0.00000010000000000000
 483		 21778	 10914	0.00000010000000000000
 484		  4059	  2805	0.00000010000000000000
 485		  1108	   766	0.00000010000000000000
 486		  6816	Not Found	0.00000020000000000000
 487		  5635	Not Found	0.00000010000000000000
 488		  1727	  1195	0.00000010000000000000
 489		 17182	  9487	0.00000010000000000000
 490		  7099	  4833	0.00000010000000000000
 491		 19691	Not Found	0.00000020000000000000
 492		  8485	Not Found	0.00000020000000000000
 493		  3205	Not Found	0.00000010000000000000
 494		 21689	 10887	0.00000020000000000000
 495		 19135	Not Found	0.00000010000000000000
 496		  7676	  5235	0.00000020000000000000
 497		 16793	  9353	0.00000010000000000000
 498		  9777	  6655	0.00000020000000000000
 499		  9294	Not Found	0.00000010000000000000
 500		  7460	  5082	0.00000020000000000000
 501		 13436	  8186	0.00000020000000000000
 502		 10009	Not Found	0.00000010000000000000
 503		 10954	  7371	0.00000010000000000000
 504		 15566	Not Found	0.00000010000000000000
 505		  2683	  1868	0.00000020000000000000
 506		  5577	Not Found	0.00000010000000000000
 507		 19844	 10304	0.00000020000000000000
 508		 13697	Not Found	0.00000020000000000000
 509		 19439	Not Found	0.00000010000000000000
 510		  5044	Not Found	0.00000010000000000000
 511		 18679	  9933	0.00000010000000000000
 512		 12126	  7781	0.00000010000000000000
 513		  9718	  6605	0.00000010000000000000
 514		  2567	  1786	0.00000020000000000000
 515		 18184	Not Found	0.00000020000000000000
 516		 18246	Not Found	0.00000010000000000000
 517		  2094	  1448	0.00000010000000000000
 518		  6850	Not Found	0.00000010000000000000
 519		 21644	Not Found	0.00000020000000000000
 520		 15946	Not Found	0.00000020000000000000
 521		 14514	Not Found	0.00000010000000000000
 522		  5592	Not Found	0.00000010000000000000
 523		 20491	Not Found	0.00000010000000000000
 524		 15714	  8985	0.00000010000000000000
 525		 12008	Not Found	0.00000020000000000000
 526		 21986	Not Found	0.00000010000000000000
 527		 13763	Not Found	0.00000010000000000000
 528		   354	Not Found	0.00000010000000000000
 529		  2489	  1744	0.00000010000000000000
 530		 14488	  8559	0.00000010000000000000
 531		  5888	Not Found	0.00000010000000000000
 532		   811	Not Found	0.00000020000000000000
 533		  5283	Not Found	0.00000020000000000000
 534		  1026	Not Found	0.00000010000000000000
 535		  9307	  6344	0.00000020000000000000
 536		  6702	  4593	0.00000010000000000000
 537		 21244	Not Found	0.00000010000000000000
 538		 17036	Not Found	0.00000010000000000000
 539		 15313	  8848	0.00000010000000000000
 540		  1751	  1207	0.00000010000000000000
 541		  5432	  3770	0.00000010000000000000
 542		  8169	  5564	0.00000010000000000000
 543		  4549	  3160	0.00000010000000000000
 544		 11287	Not Found	0.00000020000000000000
 545		  1645	  1142	0.00000010000000000000
 546		  8457	  5759	0.00000010000000000000
 547		  6392	Not Found	0.00000010000000000000
 548		 19457	 10171	0.00000020000000000000
 549		  1637	  1135	0.00000010000000000000
 550		   318	   225	0.00000010000000000000
 551		  1112	   769	0.00000010000000000000
 552		  1434	Not Found	0.00000010000000000000
 553		 18323	Not Found	0.00000020000000000000
 554		 13627	Not Found	0.00000010000000000000
 555		  4967	Not Found	0.00000010000000000000
 556		  3627	Not Found	0.00000010000000000000
 557		 10250	  6928	0.00000010000000000000
 558		  6270	  4306	0.00000020000000000000
 559		  9966	  6771	0.00000010000000000000
 560		  5080	Not Found	0.00000010000000000000
 561		  8954	Not Found	0.00000020000000000000
 562		  4768	Not Found	0.00000010000000000000
 563		 12625	  7923	0.00000020000000000000
 564		  7494	Not Found	0.00000020000000000000
 565		  2316	Not Found	0.00000020000000000000
 566		 13690	Not Found	0.00000010000000000000
 567		  6660	Not Found	0.00000020000000000000
 568		 21513	Not Found	0.00000010000000000000
 569		 20480	Not Found	0.00000010000000000000
 570		  9546	  6492	0.00000010000000000000
 571		  1182	Not Found	0.00000020000000000000
 572		 19947	Not Found	0.00000020000000000000
 573		  6036	Not Found	0.00000010000000000000
 574		   630	Not Found	0.00000010000000000000
 575		 17965	Not Found	0.00000020000000000000
 576		  3908	  2716	0.00000010000000000000
 577		  3512	Not Found	0.00000010000000000000
 578		  3264	Not Found	0.00000010000000000000
 579		  3947	  2742	0.00000010000000000000
 580		  6790	  4636	0.00000010000000000000
 581		 10641	  7215	0.00000010000000000000
 582		  7627	  5211	0.00000010000000000000
 583		    80	    67	0.00000010000000000000
 584		 18264	  9805	0.00000010000000000000
 585		   283	Not Found	0.00000020000000000000
 586		 14381	Not Found	0.00000020000000000000
 587		  8855	  6029	0.00000010000000000000
 588		  3814	  2649	0.00000010000000000000
 589		 10114	Not Found	0.00000010000000000000
 590		 13574	Not Found	0.00000010000000000000
 591		  9765	Not Found	0.00000020000000000000
 592		 14135	Not Found	0.00000010000000000000
 593		  2002	  1395	0.00000010000000000000
 594		 14128	Not Found	0.00000010000000000000
 595		  4087	  2828	0.00000020000000000000
 596		 12719	Not Found	0.00000010000000000000
 597		  4189	  2897	0.00000010000000000000
 598		  2918	  2037	0.00000010000000000000
 599		 13052	Not Found	0.00000020000000000000
 600		  3445	  2391	0.00000010000000000000
 601		  2237	Not Found	0.00000020000000000000
 602		 19450	 10169	0.00000010000000000000
 603		  9076	Not Found	0.00000020000000000000
 604		 14375	Not Found	0.00000010000000000000
 605		  5803	  4000	0.00000010000000000000
 606		  5586	Not Found	0.00000010000000000000
 607		  9798	  6667	0.00000010000000000000
 608		 14029	Not Found	0.00000010000000000000
 609		 16928	Not Found	0.00000010000000000000
 610		 12819	Not Found	0.00000020000000000000
 611		  8936	  6088	0.00000020000000000000
 612		  5404	Not Found	0.00000020000000000000
 613		  5817	Not Found	0.00000010000000000000
 614		  7137	  4858	0.00000010000000000000
 615		  5514	  3817	0.00000010000000000000
 616		 14493	Not Found	0.00000010000000000000
 617		  3184	Not Found	0.00000020000000000000
 618		  8902	Not Found	0.00000010000000000000
 619		  5364	  3712	0.00000010000000000000
 620		  7933	  5392	0.00000020000000000000
 621		 12057	Not Found	0.00000010000000000000
 622		 17489	  9576	0.00000010000000000000
 623		   882	Not Found	0.00000010000000000000
 624		  7013	Not Found	0.00000010000000000000
 625		  7802	  5314	0.00000010000000000000
 626		  5024	Not Found	0.00000020000000000000
 627		  1404	Not Found	0.00000020000000000000
 628		  4364	  3021	0.00000020000000000000
 629		 20831	 10600	0.00000010000000000000
 630		  2353	  1638	0.00000020000000000000
 631		  3147	Not Found	0.00000010000000000000
 632		  3932	  2727	0.00000010000000000000
 633		 17020	Not Found	0.00000010000000000000
 634		  1269	   870	0.00000020000000000000
 635		 18393	Not Found	0.00000020000000000000
 636		   258	   185	0.00000010000000000000
 637		 10325	  6989	0.00000010000000000000
 638		 13990	Not Found	0.00000010000000000000
 639		 15849	Not Found	0.00000020000000000000
 640		  9370	Not Found	0.00000020000000000000
 641		  4618	  3203	0.00000010000000000000
 642		  2667	  1853	0.00000020000000000000
 643		 10759	  7305	0.00000020000000000000
 644		    59	    40	0.00000020000000000000
 645		  8311	  5657	0.00000020000000000000
 646		 10074	  6841	0.00000010000000000000
 647		 12544	  7902	0.00000010000000000000
 648		  2623	Not Found	0.00000020000000000000
 649		  8939	Not Found	0.00000010000000000000
 650		  4413	Not Found	0.00000020000000000000
 651		 12853	Not Found	0.00000010000000000000
 652		   470	Not Found	0.00000020000000000000
 653		  4807	  3345	0.00000020000000000000
 654		 15096	  8755	0.00000010000000000000
 655		   268	Not Found	0.00000010000000000000
 656		  5195	  3608	0.00000010000000000000
 657		  2874	Not Found	0.00000010000000000000
 658		 12553	Not Found	0.00000020000000000000
 659		  6712	  4602	0.00000010000000000000
 660		  8071	Not Found	0.00000020000000000000
 661		  6906	Not Found	0.00000020000000000000
 662		  1729	Not Found	0.00000010000000000000
 663		 14538	Not Found	0.00000020000000000000
 664		 18548	Not Found	0.00000020000000000000
 665		   149	Not Found	0.00000020000000000000
 666		 14930	Not Found	0.00000020000000000000
 667		 21848	Not Found	0.00000020000000000000
 668		  8116	  5523	0.00000010000000000000
 669		  3161	  2210	0.00000010000000000000
 670		  6586	  4521	0.00000020000000000000
 671		  2380	Not Found	0.00000010000000000000
 672		 10404	  7042	0.00000010000000000000
 673		   433	   306	0.00000010000000000000
 674		   687	Not Found	0.00000020000000000000
 675		  1824	  1260	0.00000020000000000000
 676		 12347	Not Found	0.00000020000000000000
 677		  5537	  3844	0.00000010000000000000
 678		 18379	Not Found	0.00000010000000000000
 679		 12762	Not Found	0.00000010000000000000
 680		 15144	Not Found	0.00000010000000000000
 681		 15812	Not Found	0.00000020000000000000
 682		 15243	Not Found	0.00000010000000000000
 683		 19922	Not Found	0.00000020000000000000
 684		  2283	Not Found	0.00000010000000000000
 685		 21524	Not Found	0.00000010000000000000
 686		 15266	  8828	0.00000000000000000000
 687		 11963	Not Found	0.00000010000000000000
 688		  6609	  4533	0.00000010000000000000
 689		  1625	  1125	0.00000010000000000000
 690		  1683	  1172	0.00000010000000000000
 691		  1761	Not Found	0.00000010000000000000
 692		 19382	 10141	0.00000020000000000000
 693		  4581	Not Found	0.00000020000000000000
 694		  3966	Not Found	0.00000020000000000000
 695		 15280	  8831	0.00000010000000000000
 696		 18391	Not Found	0.00000010000000000000
 697		 12832	Not Found	0.00000010000000000000
 698		 17466	Not Found	0.00000020000000000000
 699		  3462	Not Found	0.00000020000000000000
 700		  5606	Not Found	0.00000020000000000000
 701		 11376	  7517	0.00000010000000000000
 702		  9141	  6233	0.00000010000000000000
 703		 20586	 10528	0.00000010000000000000
 704		  3745	Not Found	0.00000020000000000000
 705		 21340	Not Found	0.00000020000000000000
 706		  7240	Not Found	0.00000010000000000000
 707		 19692	Not Found	0.00000020000000000000
 708		  1460	Not Found	0.00000020000000000000
 709		 17648	  9622	0.00000010000000000000
 710		 13023	Not Found	0.00000020000000000000
 711		  5918	Not Found	0.00000010000000000000
 712		  6222	Not Found	0.00000020000000000000
 713		  4723	Not Found	0.00000020000000000000
 714		  6663	Not Found	0.00000010000000000000
 715		  6484	  4464	0.00000010000000000000
 716		 16754	Not Found	0.00000020000000000000
 717		  6407	Not Found	0.00000010000000000000
 718		  5896	Not Found	0.00000020000000000000
 719		 14008	  8400	0.00000020000000000000
 720		 18400	Not Found	0.00000010000000000000
 721		  1585	Not Found	0.00000010000000000000
 722		 20325	Not Found	0.00000010000000000000
 723		  4081	Not Found	0.00000010000000000000
 724		 16371	  9226	0.00000010000000000000
 725		   762	   548	0.00000010000000000000
 726		   849	   603	0.00000010000000000000
 727		  3589	  2494	0.00000020000000000000
 728		  6235	  4281	0.00000020000000000000
 729		   165	Not Found	0.00000010000000000000
 730		 16085	Not Found	0.00000010000000000000
 731		 15805	  9014	0.00000040000000000000
 732		  8910	  6069	0.00000020000000000000
 733		 17538	Not Found	0.00000020000000000000
 734		 16144	Not Found	0.00000020000000000000
 735		  9048	  6168	0.00000020000000000000
 736		 17066	Not Found	0.00000010000000000000
 737		  1890	Not Found	0.00000030000000000000
 738		 19486	Not Found	0.00000030000000000000
 739		  6626	Not Found	0.00000030000000000000
 740		  7887	  5361	0.00000010000000000000
 741		 20300	Not Found	0.00000020000000000000
 742		  8764	Not Found	0.00000020000000000000
 743		 21926	Not Found	0.00000020000000000000
 744		  5243	Not Found	0.00000030000000000000
 745		 17407	  9561	0.00000010000000000000
 746		 16586	Not Found	0.00000010000000000000
 747		  9298	  6336	0.00000010000000000000
 748		  6405	Not Found	0.00000010000000000000
 749		  2857	  2002	0.00000020000000000000
 750		  9137	  6231	0.00000010000000000000
 751		  3834	  2668	0.00000030000000000000
 752		  2158	  1500	0.00000020000000000000
 753		  5864	  4032	0.00000010000000000000
 754		  2728	  1896	0.00000020000000000000
 755		   512	Not Found	0.00000020000000000000
 756		 13477	Not Found	0.00000030000000000000
 757		  4319	  2989	0.00000020000000000000
 758		  8114	Not Found	0.00000020000000000000
 759		  7842	Not Found	0.00000020000000000000
 760		  4842	Not Found	0.00000010000000000000
 761		   827	Not Found	0.00000010000000000000
 762		  2634	Not Found	0.00000010000000000000
 763		  3524	  2449	0.00000010000000000000
 764		  4581	Not Found	0.00000010000000000000
 765		  4183	  2894	0.00000020000000000000
 766		   178	   132	0.00000010000000000000
 767		  2048	Not Found	0.00000020000000000000
 768		 11416	Not Found	0.00000020000000000000
 769		  2524	  1766	0.00000020000000000000
 770		  7064	Not Found	0.00000020000000000000
 771		  5275	Not Found	0.00000010000000000000
 772		  9250	Not Found	0.00000020000000000000
 773		 11117	Not Found	0.00000020000000000000
 774		 21386	Not Found	0.00000010000000000000
 775		 21161	Not Found	0.00000020000000000000
 776		  6805	  4642	0.00000010000000000000
 777		 12258	Not Found	0.00000020000000000000
 778		 12795	Not Found	0.00000020000000000000
 779		  2596	Not Found	0.00000010000000000000
 780		 14587	Not Found	0.00000020000000000000
 781		 20083	Not Found	0.00000010000000000000
 782		  4166	  2879	0.00000010000000000000
 783		 19337	 10123	0.00000010000000000000
 784		 16693	  9329	0.00000020000000000000
 785		 11463	Not Found	0.00000020000000000000
 786		  9619	Not Found	0.00000020000000000000
 787		 13668	Not Found	0.00000020000000000000
 788		 17971	Not Found	0.00000030000000000000
 789		  1629	  1127	0.00000020000000000000
 790		  9288	Not Found	0.00000020000000000000
 791		 19646	Not Found	0.00000020000000000000
 792		 13419	Not Found	0.00000020000000000000
 793		  3388	Not Found	0.00000010000000000000
 794		 19138	Not Found	0.00000010000000000000
 795		  2275	  1585	0.00000010000000000000
 796		 16003	Not Found	0.00000020000000000000
 797		  8582	  5835	0.00000010000000000000
 798		 12548	  7903	0.00000020000000000000
 799		 19561	Not Found	0.00000010000000000000
 800		   593	   435	0.00000010000000000000
 801		   338	   242	0.00000020000000000000
 802		  1950	Not Found	0.00000020000000000000
 803		  6525	  4488	0.00000010000000000000
 804		  9238	  6295	0.00000010000000000000
 805		 19994	Not Found	0.00000010000000000000
 806		  2162	Not Found	0.00000010000000000000
 807		 16160	Not Found	0.00000020000000000000
 808		  3494	  2426	0.00000010000000000000
 809		  8018	  5461	0.00000010000000000000
 810		 13251	Not Found	0.00000020000000000000
 811		  5763	  3981	0.00000020000000000000
 812		   716	   523	0.00000010000000000000
 813		 12955	  8040	0.00000010000000000000
 814		  3487	Not Found	0.00000010000000000000
 815		  7806	  5318	0.00000020000000000000
 816		  8795	Not Found	0.00000020000000000000
 817		  9270	  6315	0.00000010000000000000
 818		 10527	Not Found	0.00000010000000000000
 819		 13015	Not Found	0.00000020000000000000
 820		  7959	Not Found	0.00000010000000000000
 821		   108	Not Found	0.00000020000000000000
 822		 10460	Not Found	0.00000020000000000000
 823		 17233	Not Found	0.00000010000000000000
 824		  7621	Not Found	0.00000020000000000000
 825		 12766	Not Found	0.00000020000000000000
 826		  4724	  3290	0.00000010000000000000
 827		  5331	Not Found	0.00000010000000000000
 828		  4161	  2875	0.00000020000000000000
 829		  1049	Not Found	0.00000020000000000000
 830		 17117	Not Found	0.00000020000000000000
 831		  1723	Not Found	0.00000010000000000000
 832		  7615	  5203	0.00000010000000000000
 833		   476	   340	0.00000020000000000000
 834		  8602	Not Found	0.00000020000000000000
 835		  3346	  2331	0.00000010000000000000
 836		  4836	Not Found	0.00000010000000000000
 837		    29	    18	0.00000020000000000000
 838		  1691	Not Found	0.00000020000000000000
 839		  5154	Not Found	0.00000020000000000000
 840		  8341	  5683	0.00000020000000000000
 841		  6552	  4503	0.00000020000000000000
 842		 20554	Not Found	0.00000020000000000000
 843		  8421	Not Found	0.00000020000000000000
 844		  5040	  3511	0.00000010000000000000
 845		  1385	   970	0.00000020000000000000
 846		 10787	Not Found	0.00000020000000000000
 847		  1456	  1013	0.00000010000000000000
 848		 12170	Not Found	0.00000010000000000000
 849		  6525	  4488	0.00000010000000000000
 850		  2227	  1550	0.00000010000000000000
 851		  3792	  2632	0.00000020000000000000
 852		  9608	Not Found	0.00000010000000000000
 853		 18836	Not Found	0.00000010000000000000
 854		 19205	Not Found	0.00000010000000000000
 855		 19300	 10110	0.00000020000000000000
 856		  5090	  3550	0.00000010000000000000
 857		  5770	Not Found	0.00000020000000000000
 858		  3929	Not Found	0.00000010000000000000
 859		  8971	Not Found	0.00000020000000000000
 860		 11333	  7500	0.00000020000000000000
 861		 18326	Not Found	0.00000020000000000000
 862		  1238	Not Found	0.00000020000000000000
 863		 17135	  9467	0.00000020000000000000
 864		  9945	  6758	0.00000020000000000000
 865		 12738	Not Found	0.00000010000000000000
 866		  6273	  4308	0.00000010000000000000
 867		  1554	  1083	0.00000010000000000000
 868		 17698	Not Found	0.00000010000000000000
 869		  2124	Not Found	0.00000020000000000000
 870		  6063	Not Found	0.00000010000000000000
 871		  5767	Not Found	0.00000010000000000000
 872		 11290	Not Found	0.00000010000000000000
 873		 14844	Not Found	0.00000010000000000000
 874		 21943	Not Found	0.00000020000000000000
 875		  2277	  1586	0.00000010000000000000
 876		  4943	  3441	0.00000020000000000000
 877		  4791	  3326	0.00000010000000000000
 878		  7851	Not Found	0.00000010000000000000
 879		  6503	  4472	0.00000010000000000000
 880		 14040	Not Found	0.00000020000000000000
 881		 16051	  9109	0.00000020000000000000
 882		 11064	  7406	0.00000010000000000000
 883		 15320	  8852	0.00000010000000000000
 884		  8222	  5607	0.00000010000000000000
 885		  9933	Not Found	0.00000010000000000000
 886		   124	    98	0.00000020000000000000
 887		  8701	Not Found	0.00000010000000000000
 888		 10681	Not Found	0.00000020000000000000
 889		  8327	Not Found	0.00000010000000000000
 890		 12232	  7814	0.00000010000000000000
 891		   787	   561	0.00000010000000000000
 892		 16937	Not Found	0.00000010000000000000
 893		  8198	  5592	0.00000010000000000000
 894		  7591	  5180	0.00000010000000000000
 895		 11019	Not Found	0.00000010000000000000
 896		 16726	Not Found	0.00000010000000000000
 897		  8043	  5477	0.00000020000000000000
 898		  1934	Not Found	0.00000020000000000000
 899		 10435	Not Found	0.00000010000000000000
 900		 19242	 10088	0.00000010000000000000
 901		   848	Not Found	0.00000020000000000000
 902		  2387	  1668	0.00000020000000000000
 903		  9624	  6545	0.00000020000000000000
 904		 10573	Not Found	0.00000010000000000000
 905		 12229	Not Found	0.00000020000000000000
 906		    66	    49	0.00000010000000000000
 907		 14808	Not Found	0.00000020000000000000
 908		 15569	  8939	0.00000020000000000000
 909		 21019	 10658	0.00000010000000000000
 910		 10718	Not Found	0.00000020000000000000
 911		  5484	  3801	0.00000020000000000000
 912		   543	   397	0.00000010000000000000
 913		    98	Not Found	0.00000020000000000000
 914		  3094	  2159	0.00000030000000000000
 915		  2694	Not Found	0.00000020000000000000
 916		  4401	  3056	0.00000020000000000000
 917		  2254	  1568	0.00000020000000000000
 918		  6841	  4667	0.00000020000000000000
 919		  8759	Not Found	0.00000020000000000000
 920		  6162	Not Found	0.00000020000000000000
 921		 19183	Not Found	0.00000020000000000000
 922		 10218	Not Found	0.00000020000000000000
 923		 14452	Not Found	0.00000020000000000000
 924		 15683	Not Found	0.00000010000000000000
 925		 17649	Not Found	0.00000010000000000000
 926		  4039	Not Found	0.00000020000000000000
 927		  1834	Not Found	0.00000010000000000000
 928		 12624	Not Found	0.00000020000000000000
 929		  6432	Not Found	0.00000010000000000000
 930		  9190	Not Found	0.00000010000000000000
 931		  7663	Not Found	0.00000020000000000000
 932		 17250	  9513	0.00000010000000000000
 933		 13808	Not Found	0.00000010000000000000
 934		 11569	Not Found	0.00000020000000000000
 935		 17435	Not Found	0.00000010000000000000
 936		  3334	Not Found	0.00000010000000000000
 937		 15933	  9072	0.00000010000000000000
 938		 10213	Not Found	0.00000010000000000000
 939		 20344	Not Found	0.00000010000000000000
 940		 21966	 10994	0.00000020000000000000
 941		  2958	  2066	0.00000010000000000000
 942		  4149	  2865	0.00000010000000000000
 943		 20470	 10489	0.00000020000000000000
 944		 10566	Not Found	0.00000010000000000000
 945		  3728	Not Found	0.00000020000000000000
 946		  6708	  4598	0.00000020000000000000
 947		   322	   231	0.00000010000000000000
 948		  2345	  1636	0.00000010000000000000
 949		  2160	Not Found	0.00000010000000000000
 950		  5539	Not Found	0.00000010000000000000
 951		  7415	Not Found	0.00000020000000000000
 952		  4053	Not Found	0.00000020000000000000
 953		  8504	  5793	0.00000010000000000000
 954		  7111	  4842	0.00000010000000000000
 955		  9413	  6406	0.00000010000000000000
 956		  5885	Not Found	0.00000010000000000000
 957		  4702	  3264	0.00000010000000000000
 958		  2078	  1439	0.00000010000000000000
 959		  5425	  3761	0.00000020000000000000
 960		 13982	Not Found	0.00000010000000000000
 961		   761	   547	0.00000010000000000000
 962		 15524	  8925	0.00000010000000000000
 963		  7150	Not Found	0.00000020000000000000
 964		 12340	Not Found	0.00000020000000000000
 965		  3350	  2335	0.00000010000000000000
 966		   769	Not Found	0.00000010000000000000
 967		  3915	  2718	0.00000020000000000000
 968		  6701	  4590	0.00000020000000000000
 969		 15530	Not Found	0.00000020000000000000
 970		  3846	Not Found	0.00000010000000000000
 971		  6988	  4762	0.00000010000000000000
 972		  2478	Not Found	0.00000020000000000000
 973		 13001	Not Found	0.00000010000000000000
 974		  5768	Not Found	0.00000010000000000000
 975		  5389	Not Found	0.00000020000000000000
 976		  4677	  3244	0.00000010000000000000
 977		 21430	Not Found	0.00000010000000000000
 978		 12011	Not Found	0.00000020000000000000
 979		 11924	Not Found	0.00000020000000000000
 980		  9855	  6701	0.00000010000000000000
 981		  5211	  3618	0.00000010000000000000
 982		  8354	Not Found	0.00000020000000000000
 983		 11079	Not Found	0.00000020000000000000
 984		 14858	Not Found	0.00000020000000000000
 985		  6811	Not Found	0.00000010000000000000
 986		 18310	Not Found	0.00000020000000000000
 987		 13662	Not Found	0.00000010000000000000
 988		 11454	Not Found	0.00000020000000000000
 989		  4583	Not Found	0.00000010000000000000
 990		  4390	  3046	0.00000010000000000000
 991		  1338	Not Found	0.00000020000000000000
 992		  2360	  1642	0.00000010000000000000
 993		 20846	Not Found	0.00000020000000000000
 994		  3358	Not Found	0.00000020000000000000
 995		  2886	  2013	0.00000020000000000000
 996		  8727	  5949	0.00000010000000000000
 997		 19320	Not Found	0.00000020000000000000
 998		  4171	  2883	0.00000010000000000000
 999		  6701	  4590	0.00000010000000000000
1000		 14250	Not Found	0.00000020000000000000
