BINARY SEARCH ANALYSIS
Array Size = 12000
-------------------------------------------
Iteration	Key	Index	Time (sec)
-------------------------------------------
   1		 19673	Not Found	0.00000020000000000000
   2		   932	   643	0.00000020000000000000
   3		  1851	  1295	0.00000010000000000000
   4		  7035	Not Found	0.00000010000000000000
   5		  6556	Not Found	0.00000020000000000000
   6		 17544	  9588	0.00000020000000000000
   7		     7	     2	0.00000010000000000000
   8		 18804	Not Found	0.00000020000000000000
   9		  5477	  3954	0.00000020000000000000
  10		 14104	  8316	0.00000020000000000000
  11		 21143	Not Found	0.00000020000000000000
  12		  2754	Not Found	0.00000010000000000000
  13		 16445	Not Found	0.00000020000000000000
  14		 19464	Not Found	0.00000010000000000000
  15		  4450	  3197	0.00000010000000000000
  16		  8469	Not Found	0.00000010000000000000
  17		 22247	Not Found	0.00000020000000000000
  18		  8862	Not Found	0.00000020000000000000
  19		  1632	  1118	0.00000020000000000000
  20		  4179	Not Found	0.00000020000000000000
  21		 23939	Not Found	0.00000010000000000000
  22		 21708	Not Found	0.00000010000000000000
  23		  5587	  4037	0.00000020000000000000
  24		 21450	 11075	0.00000010000000000000
  25		  6130	  4417	0.00000020000000000000
  26		  8125	  5884	0.00000020000000000000
  27		 18628	Not Found	0.00000010000000000000
  28		  5354	Not Found	0.00000010000000000000
  29		  1787	  1236	0.00000010000000000000
  30		  7406	Not Found	0.00000020000000000000
  31		   527	   339	0.00000010000000000000
  32		 17393	  9529	0.00000020000000000000
  33		  6958	  5023	0.00000020000000000000
  34		  4095	Not Found	0.00000010000000000000
  35		  3681	Not Found	0.00000020000000000000
  36		 22374	 11400	0.00000020000000000000
  37		   519	   334	0.00000010000000000000
  38		 19594	Not Found	0.00000020000000000000
  39		  9217	Not Found	0.00000020000000000000
  40		  6218	Not Found	0.00000020000000000000
  41		  8596	  6249	0.00000010000000000000
  42		  7027	Not Found	0.00000020000000000000
  43		  2125	  1507	0.00000020000000000000
  44		  8012	Not Found	0.00000020000000000000
  45		 13658	Not Found	0.00000020000000000000
  46		  4800	Not Found	0.00000010000000000000
  47		 11527	  7396	0.00000020000000000000
  48		 13948	Not Found	0.00000020000000000000
  49		   566	   367	0.00000020000000000000
  50		 21484	Not Found	0.00000010000000000000
  51		 14480	Not Found	0.00000020000000000000
  52		 21506	Not Found	0.00000020000000000000
  53		   960	Not Found	0.00000010000000000000
  54		  9654	Not Found	0.00000020000000000000
  55		 11890	  7533	0.00000010000000000000
  56		   464	   298	0.00000010000000000000
  57		 13812	Not Found	0.00000010000000000000
  58		  3135	Not Found	0.00000010000000000000
  59		  2788	  1961	0.00000010000000000000
  60		  9685	  6726	0.00000010000000000000
  61		  8276	Not Found	0.00000020000000000000
  62		 21588	 11121	0.00000020000000000000
  63		  2122	Not Found	0.00000020000000000000
  64		  7987	Not Found	0.00000020000000000000
  65		  2056	  1454	0.00000010000000000000
  66		 17673	Not Found	0.00000010000000000000
  67		 12988	Not Found	0.00000020000000000000
  68		  6644	Not Found	0.00000020000000000000
  69		  6984	  5042	0.00000010000000000000
  70		 23175	 11676	0.00000020000000000000
  71		 23176	Not Found	0.00000010000000000000
  72		 19192	 10238	0.00000010000000000000
  73		  3451	Not Found	0.00000010000000000000
  74		 11494	  7384	0.00000010000000000000
  75		 23290	Not Found	0.00000010000000000000
  76		 10290	Not Found	0.00000010000000000000
  77		  2657	Not Found	0.00000010000000000000
  78		  2559	Not Found	0.00000020000000000000
  79		 18458	Not Found	0.00000020000000000000
  80		  4949	Not Found	0.00000020000000000000
  81		  8430	  6118	0.00000010000000000000
  82		 13883	Not Found	0.00000020000000000000
  83		 22583	Not Found	0.00000010000000000000
  84		  6984	  5042	0.00000010000000000000
  85		 10999	Not Found	0.00000010000000000000
  86		 13680	  8170	0.00000020000000000000
  87		 23779	Not Found	0.00000010000000000000
  88		  6625	Not Found	0.00000020000000000000
  89		   786	Not Found	0.00000010000000000000
  90		   814	   545	0.00000040000000000000
  91		 19775	Not Found	0.00000020000000000000
  92		  9041	  6488	0.00000030000000000000
  93		  2553	  1816	0.00000020000000000000
  94		 11668	Not Found	0.00000020000000000000
  95		 17785	Not Found	0.00000040000000000000
  96		  6492	  4695	0.00000030000000000000
  97		  8176	  5917	0.00000030000000000000
  98		 18089	Not Found	0.00000020000000000000
  99		  8082	  5849	0.00000020000000000000
 100		  6797	Not Found	0.00000020000000000000
 101		  9128	  6529	0.00000010000000000000
 102		  8488	Not Found	0.00000020000000000000
 103		  2405	Not Found	0.00000020000000000000
 104		 20519	 10747	0.00000020000000000000
 105		 22626	 11477	0.00000010000000000000
 106		 22874	Not Found	0.00000010000000000000
 107		 15333	Not Found	0.00000020000000000000
 108		  3230	Not Found	0.00000020000000000000
 109		  6551	  4741	0.00000020000000000000
 110		  3754	  2699	0.00000010000000000000
 111		 14246	Not Found	0.00000020000000000000
 112		 20359	Not Found	0.00000020000000000000
 113		  4760	Not Found	0.00000020000000000000
 114		 12726	  7827	0.00000020000000000000
 115		 10911	Not Found	0.00000020000000000000
 116		 20366	Not Found	0.00000020000000000000
 117		  7602	Not Found	0.00000020000000000000
 118		  6882	  4968	0.00000010000000000000
 119		  1390	   965	0.00000020000000000000
 120		  3879	  2784	0.00000010000000000000
 121		  4500	  3241	0.00000020000000000000
 122		  4081	  2942	0.00000020000000000000
 123		  5788	  4196	0.00000020000000000000
 124		  8711	  6332	0.00000020000000000000
 125		 20788	Not Found	0.00000010000000000000
 126		 19478	Not Found	0.00000020000000000000
 127		  4515	Not Found	0.00000020000000000000
 128		  1939	  1359	0.00000020000000000000
 129		 20718	Not Found	0.00000010000000000000
 130		  7943	  5748	0.00000010000000000000
 131		 22125	Not Found	0.00000020000000000000
 132		  3545	  2548	0.00000010000000000000
 133		 18094	Not Found	0.00000010000000000000
 134		 22292	 11381	0.00000020000000000000
 135		 11423	Not Found	0.00000020000000000000
 136		 12670	Not Found	0.00000020000000000000
 137		  1361	   943	0.00000020000000000000
 138		 18871	Not Found	0.00000010000000000000
 139		 18262	Not Found	0.00000020000000000000
 140		  3767	Not Found	0.00000010000000000000
 141		 21959	Not Found	0.00000010000000000000
 142		 20268	Not Found	0.00000020000000000000
 143		 17584	Not Found	0.00000010000000000000
 144		  5820	  4221	0.00000010000000000000
 145		 16828	Not Found	0.00000020000000000000
 146		  5314	  3836	0.00000020000000000000
 147		 19279	 10271	0.00000010000000000000
 148		 15930	Not Found	0.00000020000000000000
 149		  5047	  3648	0.00000020000000000000
 150		  2611	  1845	0.00000020000000000000
 151		  6553	Not Found	0.00000010000000000000
 152		 17992	Not Found	0.00000020000000000000
 153		  8450	Not Found	0.00000020000000000000
 154		 15729	Not Found	0.00000020000000000000
 155		  6339	  4590	0.00000010000000000000
 156		  4509	Not Found	0.00000020000000000000
 157		  4811	  3440	0.00000020000000000000
 158		  7105	  5134	0.00000020000000000000
 159		  9936	Not Found	0.00000020000000000000
 160		 23040	Not Found	0.00000020000000000000
 161		  5130	  3710	0.00000010000000000000
 162		  7244	Not Found	0.00000010000000000000
 163		  3284	Not Found	0.00000020000000000000
 164		 23039	Not Found	0.00000010000000000000
 165		  9764	Not Found	0.00000020000000000000
 166		 14067	  8303	0.00000030000000000000
 167		 13374	  8067	0.00000020000000000000
 168		 16100	Not Found	0.00000020000000000000
 169		  8783	Not Found	0.00000030000000000000
 170		  3364	  2409	0.00000020000000000000
 171		  4629	Not Found	0.00000020000000000000
 172		  6437	  4660	0.00000020000000000000
 173		 19000	Not Found	0.00000010000000000000
 174		  5931	Not Found	0.00000020000000000000
 175		 11330	Not Found	0.00000020000000000000
 176		 12187	Not Found	0.00000010000000000000
 177		  7330	Not Found	0.00000020000000000000
 178		  2826	  1991	0.00000030000000000000
 179		  2511	  1777	0.00000010000000000000
 180		  6326	  4582	0.00000010000000000000
 181		 12815	Not Found	0.00000010000000000000
 182		    11	Not Found	0.00000020000000000000
 183		 17262	Not Found	0.00000020000000000000
 184		 16110	Not Found	0.00000020000000000000
 185		 21091	 10959	0.00000020000000000000
 186		 16725	  9278	0.00000010000000000000
 187		  1789	Not Found	0.00000010000000000000
 188		  4925	  3540	0.00000020000000000000
 189		 22727	Not Found	0.00000020000000000000
 190		   894	   605	0.00000020000000000000
 191		  8904	  6431	0.00000020000000000000
 192		  5259	  3802	0.00000020000000000000
 193		  6284	  4542	0.00000010000000000000
 194		 20640	Not Found	0.00000010000000000000
 195		 11344	Not Found	0.00000020000000000000
 196		 16426	  9162	0.00000010000000000000
 197		 14288	  8386	0.00000010000000000000
 198		  8623	  6267	0.00000010000000000000
 199		  1099	   755	0.00000020000000000000
 200		  3715	  2671	0.00000030000000000000
 201		  5606	  4053	0.00000020000000000000
 202		  6409	Not Found	0.00000020000000000000
 203		 23531	Not Found	0.00000020000000000000
 204		  5072	Not Found	0.00000010000000000000
 205		  4529	Not Found	0.00000020000000000000
 206		 20367	Not Found	0.00000020000000000000
 207		  8035	Not Found	0.00000020000000000000
 208		  9996	Not Found	0.00000010000000000000
 209		  5009	  3617	0.00000020000000000000
 210		 18612	 10010	0.00000010000000000000
 211		  3048	Not Found	0.00000020000000000000
 212		  5800	  4205	0.00000010000000000000
 213		 16194	Not Found	0.00000010000000000000
 214		 16787	  9301	0.00000010000000000000
 215		  1972	  1382	0.00000020000000000000
 216		 16128	Not Found	0.00000010000000000000
 217		 20928	Not Found	0.00000020000000000000
 218		 11910	Not Found	0.00000010000000000000
 219		 16273	  9119	0.00000020000000000000
 220		  8973	  6458	0.00000010000000000000
 221		 20144	Not Found	0.00000010000000000000
 222		 15284	Not Found	0.00000020000000000000
 223		  3668	  2634	0.00000020000000000000
 224		 19740	Not Found	0.00000020000000000000
 225		  8635	  6274	0.00000010000000000000
 226		  4650	Not Found	0.00000010000000000000
 227		 21096	Not Found	0.00000010000000000000
 228		  1983	Not Found	0.00000020000000000000
 229		 17788	Not Found	0.00000010000000000000
 230		  5486	  3961	0.00000010000000000000
 231		  5900	  4264	0.00000010000000000000
 232		 20866	Not Found	0.00000010000000000000
 233		 20892	Not Found	0.00000010000000000000
 234		  7631	Not Found	0.00000010000000000000
 235		  2143	Not Found	0.00000010000000000000
 236		  3872	  2780	0.00000010000000000000
 237		 13371	Not Found	0.00000020000000000000
 238		 12993	  7915	0.00000020000000000000
 239		 17180	  9451	0.00000020000000000000
 240		 11767	Not Found	0.00000010000000000000
 241		  6802	  4917	0.00000010000000000000
 242		  2664	Not Found	0.00000020000000000000
 243		  8801	Not Found	0.00000010000000000000
 244		 19130	Not Found	0.00000020000000000000
 245		 19671	 10421	0.00000020000000000000
 246		 12595	Not Found	0.00000010000000000000
 247		  4532	Not Found	0.00000010000000000000
 248		 12390	Not Found	0.00000010000000000000
 249		   353	Not Found	0.00000020000000000000
 250		  8299	Not Found	0.00000020000000000000
 251		  6471	  4677	0.00000010000000000000
 252		 17271	Not Found	0.00000010000000000000
 253		  3405	Not Found	0.00000010000000000000
 254		  6668	  4815	0.00000010000000000000
 255		  2171	Not Found	0.00000010000000000000
 256		 11611	Not Found	0.00000010000000000000
 257		  1760	  1214	0.00000020000000000000
 258		  7507	  5417	0.00000020000000000000
 259		 20644	 10798	0.00000010000000000000
 260		 23591	Not Found	0.00000010000000000000
 261		  3886	Not Found	0.00000020000000000000
 262		 22744	Not Found	0.00000020000000000000
 263		 20940	Not Found	0.00000010000000000000
 264		 10889	Not Found	0.00000020000000000000
 265		 10362	Not Found	0.00000020000000000000
 266		 23902	Not Found	0.00000020000000000000
 267		  7418	Not Found	0.00000020000000000000
 268		 17405	Not Found	0.00000020000000000000
 269		 23390	 11750	0.00000020000000000000
 270		  6249	Not Found	0.00000010000000000000
 271		 12404	Not Found	0.00000020000000000000
 272		  6468	Not Found	0.00000020000000000000
 273		 12462	Not Found	0.00000020000000000000
 274		  3151	  2263	0.00000020000000000000
 275		  8066	  5839	0.00000020000000000000
 276		  6995	Not Found	0.00000020000000000000
 277		  1240	Not Found	0.00000010000000000000
 278		 22418	Not Found	0.00000020000000000000
 279		  2485	  1757	0.00000010000000000000
 280		  8456	  6139	0.00000070000000000000
 281		 22414	 11414	0.00000050000000000000
 282		  4013	  2881	0.00000050000000000000
 283		  5608	  4055	0.00000040000000000000
 284		 23265	Not Found	0.00000030000000000000
 285		  6824	  4928	0.00000010000000000000
 286		  4461	  3207	0.00000020000000000000
 287		  9286	  6578	0.00000020000000000000
 288		  7216	Not Found	0.00000020000000000000
 289		 13123	Not Found	0.00000020000000000000
 290		  3010	Not Found	0.00000020000000000000
 291		 11404	Not Found	0.00000020000000000000
 292		 19658	Not Found	0.00000020000000000000
 293		  8175	  5916	0.00000020000000000000
 294		  7510	  5421	0.00000010000000000000
 295		 23376	Not Found	0.00000010000000000000
 296		 22336	Not Found	0.00000020000000000000
 297		  6856	Not Found	0.00000020000000000000
 298		 21661	Not Found	0.00000020000000000000
 299		 17155	Not Found	0.00000020000000000000
 300		  2768	Not Found	0.00000010000000000000
 301		  7650	Not Found	0.00000020000000000000
 302		  6062	  4378	0.00000010000000000000
 303		  5811	Not Found	0.00000020000000000000
 304		  1052	   721	0.00000020000000000000
 305		  2858	  2017	0.00000010000000000000
 306		  2577	  1832	0.00000010000000000000
 307		   147	    98	0.00000020000000000000
 308		 16602	  9237	0.00000020000000000000
 309		 23627	 11859	0.00000010000000000000
 310		 16729	Not Found	0.00000010000000000000
 311		 18303	Not Found	0.00000020000000000000
 312		 17102	Not Found	0.00000010000000000000
 313		   207	Not Found	0.00000010000000000000
 314		  8116	Not Found	0.00000010000000000000
 315		 14523	Not Found	0.00000020000000000000
 316		 13237	Not Found	0.00000010000000000000
 317		  7751	  5598	0.00000010000000000000
 318		  2176	Not Found	0.00000020000000000000
 319		  2811	Not Found	0.00000010000000000000
 320		 15811	Not Found	0.00000020000000000000
 321		  9772	  6758	0.00000020000000000000
 322		  8672	  6303	0.00000010000000000000
 323		  8105	Not Found	0.00000020000000000000
 324		 19728	Not Found	0.00000010000000000000
 325		  9286	  6578	0.00000010000000000000
 326		 10384	  6973	0.00000010000000000000
 327		 17762	Not Found	0.00000010000000000000
 328		 23439	Not Found	0.00000010000000000000
 329		 22029	 11282	0.00000020000000000000
 330		  2293	  1615	0.00000000000000000000
 331		 20162	Not Found	0.00000020000000000000
 332		 14655	  8506	0.00000020000000000000
 333		  8719	  6338	0.00000010000000000000
 334		  4152	  2990	0.00000020000000000000
 335		  4129	  2969	0.00000010000000000000
 336		  9381	Not Found	0.00000010000000000000
 337		  5521	  3989	0.00000010000000000000
 338		 18389	  9925	0.00000020000000000000
 339		  6429	  4657	0.00000020000000000000
 340		 18297	Not Found	0.00000010000000000000
 341		  3065	  2188	0.00000010000000000000
 342		  8559	  6213	0.00000010000000000000
 343		  8154	  5903	0.00000020000000000000
 344		  3552	  2554	0.00000020000000000000
 345		 13483	  8099	0.00000010000000000000
 346		  5543	Not Found	0.00000030000000000000
 347		 12296	Not Found	0.00000020000000000000
 348		  7834	Not Found	0.00000020000000000000
 349		  2739	  1926	0.00000030000000000000
 350		 22508	Not Found	0.00000020000000000000
 351		 20709	Not Found	0.00000010000000000000
 352		 10173	Not Found	0.00000020000000000000
 353		  5411	Not Found	0.00000010000000000000
 354		  9109	  6521	0.00000010000000000000
 355		  6018	  4343	0.00000020000000000000
 356		 13410	Not Found	0.00000020000000000000
 357		  5053	  3651	0.00000020000000000000
 358		 13293	Not Found	0.00000020000000000000
 359		 14345	  8407	0.00000010000000000000
 360		   414	   261	0.00000010000000000000
 361		  2963	Not Found	0.00000010000000000000
 362		 15054	Not Found	0.00000010000000000000
 363		  3327	Not Found	0.00000010000000000000
 364		 22131	Not Found	0.00000020000000000000
 365		  9900	  6801	0.00000010000000000000
 366		 10801	Not Found	0.00000010000000000000
 367		  6855	Not Found	0.00000010000000000000
 368		  8840	  6411	0.00000010000000000000
 369		 18026	Not Found	0.00000020000000000000
 370		  4676	  3354	0.00000020000000000000
 371		  4840	  3467	0.00000010000000000000
 372		  5719	  4141	0.00000020000000000000
 373		  3754	  2699	0.00000010000000000000
 374		  9661	Not Found	0.00000020000000000000
 375		  3599	  2589	0.00000010000000000000
 376		  5478	Not Found	0.00000020000000000000
 377		  3116	Not Found	0.00000010000000000000
 378		 22638	Not Found	0.00000020000000000000
 379		    88	Not Found	0.00000020000000000000
 380		 18232	Not Found	0.00000010000000000000
 381		 18612	 10010	0.00000020000000000000
 382		 19482	Not Found	0.00000010000000000000
 383		 19401	 10324	0.00000010000000000000
 384		  2756	  1943	0.00000010000000000000
 385		 16559	  9222	0.00000020000000000000
 386		  8648	  6284	0.00000010000000000000
 387		 13727	Not Found	0.00000020000000000000
 388		 15910	Not Found	0.00000010000000000000
 389		 23578	 11841	0.00000010000000000000
 390		  5653	  4094	0.00000020000000000000
 391		 20302	Not Found	0.00000020000000000000
 392		 11925	Not Found	0.00000010000000000000
 393		  4320	Not Found	0.00000020000000000000
 394		 15374	Not Found	0.00000010000000000000
 395		  6083	  4395	0.00000020000000000000
 396		 17557	Not Found	0.00000020000000000000
 397		   770	Not Found	0.00000020000000000000
 398		 11007	Not Found	0.00000020000000000000
 399		  5804	  4207	0.00000010000000000000
 400		 16493	  9198	0.00000020000000000000
 401		  6140	  4425	0.00000020000000000000
 402		  4933	Not Found	0.00000010000000000000
 403		 17082	  9418	0.00000010000000000000
 404		  6876	  4962	0.00000020000000000000
 405		  8934	Not Found	0.00000020000000000000
 406		 19883	Not Found	0.00000010000000000000
 407		  2661	Not Found	0.00000010000000000000
 408		    72	Not Found	0.00000020000000000000
 409		 11096	Not Found	0.00000010000000000000
 410		  7155	  5175	0.00000020000000000000
 411		  1137	Not Found	0.00000010000000000000
 412		  2743	  1931	0.00000020000000000000
 413		  5393	  3895	0.00000010000000000000
 414		 11378	Not Found	0.00000010000000000000
 415		 15473	  8800	0.00000020000000000000
 416		     1	     0	0.00000010000000000000
 417		 19162	Not Found	0.00000020000000000000
 418		   417	Not Found	0.00000020000000000000
 419		 20361	Not Found	0.00000020000000000000
 420		  2502	Not Found	0.00000010000000000000
 421		 16166	Not Found	0.00000010000000000000
 422		 17138	  9439	0.00000010000000000000
 423		  6967	  5028	0.00000010000000000000
 424		 14620	Not Found	0.00000010000000000000
 425		 13885	  8242	0.00000020000000000000
 426		  6560	Not Found	0.00000020000000000000
 427		   405	Not Found	0.00000020000000000000
 428		  3659	Not Found	0.00000020000000000000
 429		  7641	Not Found	0.00000020000000000000
 430		  8330	  6049	0.00000020000000000000
 431		 18328	  9905	0.00000010000000000000
 432		  1853	Not Found	0.00000020000000000000
 433		  1680	  1160	0.00000020000000000000
 434		 23297	 11710	0.00000010000000000000
 435		  8477	  6147	0.00000010000000000000
 436		  9840	Not Found	0.00000020000000000000
 437		 21044	Not Found	0.00000010000000000000
 438		  5024	  3632	0.00000010000000000000
 439		 15525	  8824	0.00000020000000000000
 440		  1902	  1332	0.00000020000000000000
 441		  3768	Not Found	0.00000010000000000000
 442		  2715	  1917	0.00000020000000000000
 443		 16926	Not Found	0.00000020000000000000
 444		  8511	Not Found	0.00000010000000000000
 445		   148	Not Found	0.00000020000000000000
 446		  2267	  1599	0.00000010000000000000
 447		  7204	  5205	0.00000020000000000000
 448		 15261	Not Found	0.00000020000000000000
 449		   746	Not Found	0.00000010000000000000
 450		 23562	Not Found	0.00000010000000000000
 451		  4359	  3124	0.00000010000000000000
 452		  6824	  4928	0.00000010000000000000
 453		 21161	Not Found	0.00000020000000000000
 454		  8745	Not Found	0.00000020000000000000
 455		  8143	Not Found	0.00000020000000000000
 456		  4827	  3458	0.00000020000000000000
 457		  9330	Not Found	0.00000010000000000000
 458		 18090	Not Found	0.00000010000000000000
 459		 21885	Not Found	0.00000020000000000000
 460		  6463	  4674	0.00000010000000000000
 461		 19257	Not Found	0.00000020000000000000
 462		  5051	  3650	0.00000010000000000000
 463		 23636	Not Found	0.00000010000000000000
 464		  9182	  6549	0.00000010000000000000
 465		  4654	Not Found	0.00000020000000000000
 466		 15776	  8926	0.00000020000000000000
 467		 18584	Not Found	0.00000020000000000000
 468		  4283	Not Found	0.00000010000000000000
 469		  7261	Not Found	0.00000010000000000000
 470		  6212	Not Found	0.00000010000000000000
 471		 10070	Not Found	0.00000010000000000000
 472		  6592	  4771	0.00000010000000000000
 473		 15827	Not Found	0.00000010000000000000
 474		  7121	  5147	0.00000010000000000000
 475		 16548	Not Found	0.00000020000000000000
 476		 18744	 10059	0.00000010000000000000
 477		  4675	  3353	0.00000020000000000000
 478		  3710	  2667	0.00000010000000000000
 479		 20266	 10633	0.00000010000000000000
 480		  1406	Not Found	0.00000010000000000000
 481		  1960	  1375	0.00000010000000000000
 482		  1256	   864	0.00000020000000000000
 483		 20705	Not Found	0.00000020000000000000
 484		 22582	Not Found	0.00000010000000000000
 485		   107	Not Found	0.00000020000000000000
 486		  3429	  2453	0.00000020000000000000
 487		 21787	Not Found	0.00000010000000000000
 488		  5626	Not Found	0.00000010000000000000
 489		 12678	Not Found	0.00000010000000000000
 490		  7317	  5285	0.00000010000000000000
 491		  3588	Not Found	0.00000010000000000000
 492		  7895	  5704	0.00000010000000000000
 493		   170	   117	0.00000020000000000000
 494		   313	   189	0.00000020000000000000
 495		  6631	  4792	0.00000010000000000000
 496		  2426	  1711	0.00000010000000000000
 497		 17886	Not Found	0.00000020000000000000
 498		 21321	Not Found	0.00000010000000000000
 499		  6579	Not Found	0.00000010000000000000
 500		  3173	  2274	0.00000010000000000000
 501		 21802	Not Found	0.00000020000000000000
 502		    64	Not Found	0.00000020000000000000
 503		 23104	 11646	0.00000020000000000000
 504		 14375	Not Found	0.00000010000000000000
 505		  8627	Not Found	0.00000020000000000000
 506		 18043	Not Found	0.00000010000000000000
 507		 12877	Not Found	0.00000010000000000000
 508		  9482	  6656	0.00000010000000000000
 509		  7207	Not Found	0.00000010000000000000
 510		 13058	Not Found	0.00000010000000000000
 511		  7564	  5453	0.00000010000000000000
 512		 14222	Not Found	0.00000010000000000000
 513		 20571	Not Found	0.00000020000000000000
 514		 13926	Not Found	0.00000010000000000000
 515		  2464	  1742	0.00000010000000000000
 516		  3542	  2545	0.00000010000000000000
 517		  1587	Not Found	0.00000020000000000000
 518		 21004	Not Found	0.00000000000000000000
 519		 10021	  6845	0.00000010000000000000
 520		 14242	  8371	0.00000010000000000000
 521		  3075	Not Found	0.00000010000000000000
 522		 12232	Not Found	0.00000010000000000000
 523		  5425	Not Found	0.00000010000000000000
 524		 10877	  7164	0.00000010000000000000
 525		  8435	Not Found	0.00000020000000000000
 526		 22445	 11424	0.00000010000000000000
 527		 14681	Not Found	0.00000010000000000000
 528		 17976	Not Found	0.00000010000000000000
 529		  1320	   912	0.00000010000000000000
 530		  6756	  4879	0.00000010000000000000
 531		  5879	Not Found	0.00000020000000000000
 532		  8150	  5902	0.00000010000000000000
 533		  9312	Not Found	0.00000020000000000000
 534		  5756	Not Found	0.00000010000000000000
 535		  7595	Not Found	0.00000010000000000000
 536		  6537	  4729	0.00000010000000000000
 537		 11870	Not Found	0.00000020000000000000
 538		 11329	Not Found	0.00000020000000000000
 539		  8096	  5861	0.00000020000000000000
 540		 15133	  8685	0.00000010000000000000
 541		  4552	Not Found	0.00000010000000000000
 542		 13456	Not Found	0.00000010000000000000
 543		 12625	Not Found	0.00000010000000000000
 544		 16244	Not Found	0.00000020000000000000
 545		 11469	Not Found	0.00000020000000000000
 546		  4329	Not Found	0.00000010000000000000
 547		 22475	Not Found	0.00000020000000000000
 548		  3378	  2421	0.00000010000000000000
 549		  6154	Not Found	0.00000020000000000000
 550		 14470	  8440	0.00000020000000000000
 551		  6196	  4467	0.00000010000000000000
 552		   185	Not Found	0.00000010000000000000
 553		  4015	  2884	0.00000020000000000000
 554		  9772	  6758	0.00000020000000000000
 555		 19852	Not Found	0.00000020000000000000
 556		  7000	Not Found	0.00000010000000000000
 557		  7774	Not Found	0.00000020000000000000
 558		  7103	  5131	0.00000010000000000000
 559		  2547	  1813	0.00000020000000000000
 560		 22975	Not Found	0.00000030000000000000
 561		 16019	Not Found	0.00000020000000000000
 562		 19546	 10365	0.00000010000000000000
 563		  2283	Not Found	0.00000010000000000000
 564		  9079	  6506	0.00000020000000000000
 565		  1482	Not Found	0.00000020000000000000
 566		  8415	  6100	0.00000020000000000000
 567		  9440	  6641	0.00000020000000000000
 568		  1743	Not Found	0.00000020000000000000
 569		  3613	  2598	0.00000020000000000000
 570		 19468	Not Found	0.00000020000000000000
 571		 17701	Not Found	0.00000020000000000000
 572		  6170	Not Found	0.00000020000000000000
 573		 12718	  7820	0.00000010000000000000
 574		  4303	  3084	0.00000010000000000000
 575		  6209	  4484	0.00000010000000000000
 576		  9687	  6727	0.00000010000000000000
 577		  6660	Not Found	0.00000020000000000000
 578		  4636	  3332	0.00000010000000000000
 579		  7658	Not Found	0.00000020000000000000
 580		   753	Not Found	0.00000020000000000000
 581		 13561	Not Found	0.00000020000000000000
 582		 12156	Not Found	0.00000010000000000000
 583		  5520	Not Found	0.00000020000000000000
 584		  3113	Not Found	0.00000010000000000000
 585		  4883	Not Found	0.00000020000000000000
 586		   744	   486	0.00000020000000000000
 587		  4637	Not Found	0.00000010000000000000
 588		 11152	Not Found	0.00000010000000000000
 589		   945	   647	0.00000020000000000000
 590		 17430	Not Found	0.00000010000000000000
 591		 17916	  9740	0.00000020000000000000
 592		   249	   156	0.00000010000000000000
 593		 16937	Not Found	0.00000010000000000000
 594		 13331	Not Found	0.00000020000000000000
 595		 23064	Not Found	0.00000020000000000000
 596		 17262	Not Found	0.00000020000000000000
 597		 18735	Not Found	0.00000020000000000000
 598		 14034	Not Found	0.00000020000000000000
 599		  1766	  1223	0.00000010000000000000
 600		 23714	Not Found	0.00000020000000000000
 601		  8568	  6221	0.00000010000000000000
 602		  2820	  1987	0.00000010000000000000
 603		  4965	  3573	0.00000020000000000000
 604		  9127	Not Found	0.00000020000000000000
 605		 12448	Not Found	0.00000010000000000000
 606		  1256	   864	0.00000020000000000000
 607		 19236	Not Found	0.00000020000000000000
 608		 14753	Not Found	0.00000010000000000000
 609		 19273	Not Found	0.00000010000000000000
 610		 16421	Not Found	0.00000020000000000000
 611		   710	   460	0.00000020000000000000
 612		 19771	Not Found	0.00000010000000000000
 613		  8134	Not Found	0.00000020000000000000
 614		 10646	  7074	0.00000020000000000000
 615		 19970	Not Found	0.00000030000000000000
 616		  2200	Not Found	0.00000020000000000000
 617		 15415	Not Found	0.00000020000000000000
 618		  9829	Not Found	0.00000010000000000000
 619		  2861	Not Found	0.00000020000000000000
 620		  7053	Not Found	0.00000010000000000000
 621		  5749	  4166	0.00000020000000000000
 622		 15131	Not Found	0.00000010000000000000
 623		  2940	Not Found	0.00000020000000000000
 624		 13837	Not Found	0.00000010000000000000
 625		  3376	  2419	0.00000020000000000000
 626		 22390	Not Found	0.00000020000000000000
 627		  6340	  4592	0.00000010000000000000
 628		  1764	  1221	0.00000010000000000000
 629		  4694	  3371	0.00000020000000000000
 630		  3325	Not Found	0.00000010000000000000
 631		 15557	  8837	0.00000020000000000000
 632		  4776	Not Found	0.00000010000000000000
 633		 21495	Not Found	0.00000020000000000000
 634		  4688	  3362	0.00000010000000000000
 635		 12007	Not Found	0.00000020000000000000
 636		  6445	Not Found	0.00000020000000000000
 637		  5991	  4323	0.00000020000000000000
 638		  5763	Not Found	0.00000020000000000000
 639		 22787	Not Found	0.00000020000000000000
 640		  4089	  2949	0.00000020000000000000
 641		  2020	  1420	0.00000010000000000000
 642		 10668	Not Found	0.00000010000000000000
 643		 18405	Not Found	0.00000020000000000000
 644		  9528	  6672	0.00000010000000000000
 645		 23865	Not Found	0.00000010000000000000
 646		  7547	Not Found	0.00000020000000000000
 647		 23377	 11743	0.00000020000000000000
 648		 16304	Not Found	0.00000010000000000000
 649		 11234	  7312	0.00000020000000000000
 650		   650	Not Found	0.00000010000000000000
 651		 14147	Not Found	0.00000010000000000000
 652		  4022	Not Found	0.00000010000000000000
 653		   113	    77	0.00000010000000000000
 654		  2165	  1537	0.00000010000000000000
 655		 23163	Not Found	0.00000010000000000000
 656		  1763	  1219	0.00000010000000000000
 657		 18993	 10165	0.00000020000000000000
 658		  8876	Not Found	0.00000010000000000000
 659		  8313	Not Found	0.00000020000000000000
 660		  7554	Not Found	0.00000010000000000000
 661		 22792	Not Found	0.00000010000000000000
 662		  6022	Not Found	0.00000010000000000000
 663		  9030	Not Found	0.00000020000000000000
 664		  2315	Not Found	0.00000010000000000000
 665		  5346	  3865	0.00000010000000000000
 666		 20249	 10627	0.00000020000000000000
 667		  4723	Not Found	0.00000010000000000000
 668		  1557	Not Found	0.00000010000000000000
 669		 17099	  9427	0.00000010000000000000
 670		  5063	  3657	0.00000010000000000000
 671		 17637	Not Found	0.00000020000000000000
 672		 22791	 11537	0.00000010000000000000
 673		 11037	  7234	0.00000010000000000000
 674		 15002	  8626	0.00000010000000000000
 675		 10066	Not Found	0.00000010000000000000
 676		 19024	 10176	0.00000010000000000000
 677		 13788	Not Found	0.00000020000000000000
 678		  1492	  1041	0.00000010000000000000
 679		  4037	  2903	0.00000010000000000000
 680		 16727	Not Found	0.00000010000000000000
 681		 12318	Not Found	0.00000010000000000000
 682		 17472	Not Found	0.00000020000000000000
 683		 18664	Not Found	0.00000010000000000000
 684		  4213	Not Found	0.00000020000000000000
 685		 12079	  7587	0.00000020000000000000
 686		 20749	 10836	0.00000020000000000000
 687		  5826	Not Found	0.00000020000000000000
 688		  4963	Not Found	0.00000020000000000000
 689		  1331	Not Found	0.00000010000000000000
 690		 17884	Not Found	0.00000010000000000000
 691		  6655	  4806	0.00000010000000000000
 692		  4590	Not Found	0.00000020000000000000
 693		  2893	Not Found	0.00000020000000000000
 694		  4888	Not Found	0.00000010000000000000
 695		   560	Not Found	0.00000010000000000000
 696		 15090	  8666	0.00000010000000000000
 697		 21888	Not Found	0.00000010000000000000
 698		  5318	  3839	0.00000010000000000000
 699		  1554	Not Found	0.00000020000000000000
 700		 19333	 10296	0.00000010000000000000
 701		  1492	  1041	0.00000000000000000000
 702		  2653	  1867	0.00000010000000000000
 703		  1491	Not Found	0.00000010000000000000
 704		 13939	Not Found	0.00000020000000000000
 705		  9276	Not Found	0.00000010000000000000
 706		 17687	  9646	0.00000010000000000000
 707		 10322	Not Found	0.00000020000000000000
 708		   555	Not Found	0.00000010000000000000
 709		 15669	Not Found	0.00000020000000000000
 710		   904	   616	0.00000010000000000000
 711		 10407	Not Found	0.00000020000000000000
 712		 16759	Not Found	0.00000010000000000000
 713		 19761	 10455	0.00000010000000000000
 714		  8431	  6119	0.00000010000000000000
 715		  9891	Not Found	0.00000020000000000000
 716		  2609	Not Found	0.00000010000000000000
 717		 23349	 11727	0.00000020000000000000
 718		  2891	  2049	0.00000010000000000000
 719		  3864	Not Found	0.00000010000000000000
 720		  3893	Not Found	0.00000010000000000000
 721		 21824	Not Found	0.00000010000000000000
 722		 13615	Not Found	0.00000010000000000000
 723		 12188	  7624	0.00000010000000000000
 724		  8274	  5995	0.00000020000000000000
 725		  1133	   780	0.00000010000000000000
 726		  1241	   849	0.00000020000000000000
 727		 14219	Not Found	0.00000010000000000000
 728		  5381	Not Found	0.00000020000000000000
 729		  2778	Not Found	0.00000020000000000000
 730		  5120	  3704	0.00000020000000000000
 731		 19019	 10172	0.00000020000000000000
 732		  9639	Not Found	0.00000010000000000000
 733		  8394	  6084	0.00000020000000000000
 734		  9516	Not Found	0.00000020000000000000
 735		  1748	  1203	0.00000020000000000000
 736		  1829	  1272	0.00000020000000000000
 737		  6344	Not Found	0.00000010000000000000
 738		   394	   249	0.00000010000000000000
 739		 10351	  6960	0.00000010000000000000
 740		  4017	  2885	0.00000010000000000000
 741		  8014	  5798	0.00000020000000000000
 742		 12928	Not Found	0.00000010000000000000
 743		  9405	Not Found	0.00000020000000000000
 744		  6135	  4421	0.00000010000000000000
 745		  7012	  5066	0.00000020000000000000
 746		  2302	Not Found	0.00000010000000000000
 747		  3388	Not Found	0.00000010000000000000
 748		 19795	 10467	0.00000020000000000000
 749		 13132	Not Found	0.00000020000000000000
 750		 10390	Not Found	0.00000010000000000000
 751		 10374	Not Found	0.00000010000000000000
 752		 18689	 10037	0.00000010000000000000
 753		  1950	Not Found	0.00000010000000000000
 754		 10445	Not Found	0.00000010000000000000
 755		 13978	Not Found	0.00000020000000000000
 756		   532	Not Found	0.00000010000000000000
 757		 14384	Not Found	0.00000010000000000000
 758		  3890	Not Found	0.00000010000000000000
 759		  5471	Not Found	0.00000020000000000000
 760		  7915	  5720	0.00000010000000000000
 761		 13560	Not Found	0.00000020000000000000
 762		  1518	Not Found	0.00000020000000000000
 763		  6182	Not Found	0.00000010000000000000
 764		 22242	Not Found	0.00000010000000000000
 765		  3765	Not Found	0.00000010000000000000
 766		   733	Not Found	0.00000010000000000000
 767		  9968	Not Found	0.00000020000000000000
 768		  2437	Not Found	0.00000010000000000000
 769		 14666	Not Found	0.00000010000000000000
 770		  1436	Not Found	0.00000010000000000000
 771		 14640	  8497	0.00000010000000000000
 772		   138	Not Found	0.00000020000000000000
 773		 21293	Not Found	0.00000020000000000000
 774		    35	Not Found	0.00000010000000000000
 775		  4114	Not Found	0.00000010000000000000
 776		 16575	Not Found	0.00000010000000000000
 777		 18175	Not Found	0.00000010000000000000
 778		  8342	Not Found	0.00000010000000000000
 779		  1723	  1186	0.00000010000000000000
 780		  3649	  2621	0.00000010000000000000
 781		 14908	  8598	0.00000010000000000000
 782		 16534	Not Found	0.00000020000000000000
 783		 15379	  8763	0.00000020000000000000
 784		 21935	Not Found	0.00000020000000000000
 785		  8150	  5902	0.00000010000000000000
 786		  7389	  5337	0.00000020000000000000
 787		 23169	Not Found	0.00000010000000000000
 788		  4126	Not Found	0.00000010000000000000
 789		 13021	  7928	0.00000020000000000000
 790		  7434	Not Found	0.00000010000000000000
 791		  1013	Not Found	0.00000020000000000000
 792		  9870	  6787	0.00000010000000000000
 793		  2594	Not Found	0.00000010000000000000
 794		 11321	Not Found	0.00000010000000000000
 795		  6188	  4458	0.00000020000000000000
 796		  1437	Not Found	0.00000010000000000000
 797		 23068	Not Found	0.00000020000000000000
 798		 13335	Not Found	0.00000010000000000000
 799		 14639	  8495	0.00000010000000000000
 800		  1723	  1186	0.00000010000000000000
 801		  6091	Not Found	0.00000010000000000000
 802		  4533	  3257	0.00000010000000000000
 803		  8221	  5946	0.00000020000000000000
 804		   478	   307	0.00000020000000000000
 805		  5018	  3625	0.00000010000000000000
 806		 21722	 11176	0.00000020000000000000
 807		  1003	   694	0.00000010000000000000
 808		 23479	Not Found	0.00000010000000000000
 809		  4170	Not Found	0.00000010000000000000
 810		 15838	  8949	0.00000010000000000000
 811		  5545	  4008	0.00000010000000000000
 812		  1956	  1370	0.00000010000000000000
 813		 18125	  9824	0.00000020000000000000
 814		  4404	Not Found	0.00000010000000000000
 815		  5831	Not Found	0.00000010000000000000
 816		  4199	Not Found	0.00000020000000000000
 817		 11376	Not Found	0.00000010000000000000
 818		 20872	 10877	0.00000010000000000000
 819		  7447	Not Found	0.00000020000000000000
 820		 19415	 10329	0.00000010000000000000
 821		  4157	  2994	0.00000020000000000000
 822		  5194	  3760	0.00000020000000000000
 823		 22164	Not Found	0.00000020000000000000
 824		  7637	  5509	0.00000010000000000000
 825		 21664	 11152	0.00000010000000000000
 826		  9673	Not Found	0.00000020000000000000
 827		 16420	Not Found	0.00000020000000000000
 828		 15426	Not Found	0.00000020000000000000
 829		 18504	Not Found	0.00000010000000000000
 830		 15683	Not Found	0.00000010000000000000
 831		  1178	   813	0.00000010000000000000
 832		 10095	Not Found	0.00000010000000000000
 833		 20816	 10862	0.00000010000000000000
 834		  2043	  1444	0.00000010000000000000
 835		 22207	 11354	0.00000020000000000000
 836		  2965	  2116	0.00000010000000000000
 837		 23903	Not Found	0.00000020000000000000
 838		 16205	  9080	0.00000010000000000000
 839		 23314	 11716	0.00000010000000000000
 840		 11463	Not Found	0.00000020000000000000
 841		 19341	Not Found	0.00000010000000000000
 842		  3327	Not Found	0.00000020000000000000
 843		 13581	Not Found	0.00000010000000000000
 844		 20260	Not Found	0.00000020000000000000
 845		   967	Not Found	0.00000020000000000000
 846		 21336	Not Found	0.00000020000000000000
 847		  7146	  5166	0.00000010000000000000
 848		  4497	  3240	0.00000010000000000000
 849		  7540	  5436	0.00000010000000000000
 850		 19189	Not Found	0.00000020000000000000
 851		 11046	  7240	0.00000010000000000000
 852		   359	Not Found	0.00000020000000000000
 853		 22872	Not Found	0.00000010000000000000
 854		 11353	Not Found	0.00000010000000000000
 855		  8709	Not Found	0.00000020000000000000
 856		  6824	  4928	0.00000010000000000000
 857		  5369	Not Found	0.00000020000000000000
 858		  6661	  4809	0.00000010000000000000
 859		  1878	Not Found	0.00000020000000000000
 860		  2936	  2091	0.00000010000000000000
 861		  3009	  2151	0.00000020000000000000
 862		  7624	  5497	0.00000010000000000000
 863		 17464	Not Found	0.00000020000000000000
 864		  7946	  5749	0.00000020000000000000
 865		 14628	Not Found	0.00000010000000000000
 866		  3737	Not Found	0.00000010000000000000
 867		  2717	Not Found	0.00000010000000000000
 868		  4824	Not Found	0.00000020000000000000
 869		  4931	  3545	0.00000020000000000000
 870		 21027	 10932	0.00000020000000000000
 871		 23374	Not Found	0.00000020000000000000
 872		  7127	Not Found	0.00000010000000000000
 873		   847	Not Found	0.00000010000000000000
 874		  3680	Not Found	0.00000020000000000000
 875		 11568	  7412	0.00000020000000000000
 876		 11242	Not Found	0.00000020000000000000
 877		  4657	  3342	0.00000010000000000000
 878		  4457	Not Found	0.00000010000000000000
 879		  6597	  4772	0.00000010000000000000
 880		 23061	Not Found	0.00000010000000000000
 881		  4138	  2976	0.00000010000000000000
 882		 20813	Not Found	0.00000020000000000000
 883		 13045	  7939	0.00000020000000000000
 884		  4981	  3590	0.00000010000000000000
 885		 14518	Not Found	0.00000010000000000000
 886		  6048	  4366	0.00000010000000000000
 887		  2127	  1508	0.00000010000000000000
 888		 22255	Not Found	0.00000020000000000000
 889		 22199	Not Found	0.00000020000000000000
 890		  3477	Not Found	0.00000010000000000000
 891		  4107	  2960	0.00000020000000000000
 892		   295	Not Found	0.00000010000000000000
 893		 19791	Not Found	0.00000010000000000000
 894		  7568	Not Found	0.00000010000000000000
 895		 10002	Not Found	0.00000010000000000000
 896		   114	    78	0.00000010000000000000
 897		 13966	  8271	0.00000010000000000000
 898		  4021	  2888	0.00000020000000000000
 899		  7488	  5400	0.00000010000000000000
 900		  4877	  3500	0.00000020000000000000
 901		 23053	 11631	0.00000010000000000000
 902		  9221	Not Found	0.00000010000000000000
 903		   744	   486	0.00000020000000000000
 904		 13519	  8118	0.00000010000000000000
 905		 19737	Not Found	0.00000020000000000000
 906		  3946	Not Found	0.00000010000000000000
 907		  7320	  5286	0.00000010000000000000
 908		 16412	Not Found	0.00000010000000000000
 909		    84	    54	0.00000020000000000000
 910		 20688	Not Found	0.00000020000000000000
 911		  8223	Not Found	0.00000010000000000000
 912		 21340	Not Found	0.00000010000000000000
 913		 20249	 10627	0.00000020000000000000
 914		  4855	Not Found	0.00000010000000000000
 915		  3533	  2534	0.00000020000000000000
 916		 12139	Not Found	0.00000020000000000000
 917		  9183	Not Found	0.00000010000000000000
 918		 11974	Not Found	0.00000020000000000000
 919		 14522	Not Found	0.00000010000000000000
 920		 12434	  7715	0.00000020000000000000
 921		  1760	  1214	0.00000020000000000000
 922		  3491	Not Found	0.00000020000000000000
 923		 21193	Not Found	0.00000010000000000000
 924		 21431	 11069	0.00000010000000000000
 925		  2490	  1759	0.00000010000000000000
 926		  8640	Not Found	0.00000010000000000000
 927		 20526	Not Found	0.00000010000000000000
 928		  7120	  5146	0.00000010000000000000
 929		 17621	  9608	0.00000010000000000000
 930		  5944	Not Found	0.00000010000000000000
 931		  9262	  6570	0.00000010000000000000
 932		  3550	  2551	0.00000010000000000000
 933		  6726	  4851	0.00000020000000000000
 934		 20378	 10681	0.00000020000000000000
 935		 15142	Not Found	0.00000010000000000000
 936		 10135	  6885	0.00000010000000000000
 937		  8179	Not Found	0.00000020000000000000
 938		 23812	Not Found	0.00000010000000000000
 939		 21967	Not Found	0.00000010000000000000
 940		 13348	  8057	0.00000010000000000000
 941		  5944	Not Found	0.00000010000000000000
 942		 15669	Not Found	0.00000010000000000000
 943		 10688	Not Found	0.00000010000000000000
 944		  9228	Not Found	0.00000010000000000000
 945		  1610	  1099	0.00000010000000000000
 946		  7068	  5107	0.00000010000000000000
 947		  3445	  2468	0.00000010000000000000
 948		 11056	  7245	0.00000020000000000000
 949		  1690	Not Found	0.00000020000000000000
 950		 20084	Not Found	0.00000010000000000000
 951		  9230	Not Found	0.00000000000000000000
 952		 10618	Not Found	0.00000020000000000000
 953		  7549	Not Found	0.00000010000000000000
 954		 12244	  7643	0.00000020000000000000
 955		  7771	  5611	0.00000010000000000000
 956		  1104	   759	0.00000020000000000000
 957		  4553	  3272	0.00000010000000000000
 958		 22530	Not Found	0.00000020000000000000
 959		 22166	 11339	0.00000010000000000000
 960		 13005	  7921	0.00000010000000000000
 961		  5506	  3972	0.00000020000000000000
 962		 23497	 11801	0.00000010000000000000
 963		  2865	  2026	0.00000010000000000000
 964		   561	   363	0.00000020000000000000
 965		  1910	  1337	0.00000010000000000000
 966		  5579	Not Found	0.00000020000000000000
 967		 11987	Not Found	0.00000010000000000000
 968		 18455	  9945	0.00000020000000000000
 969		  8229	Not Found	0.00000010000000000000
 970		  4376	  3136	0.00000010000000000000
 971		   413	   260	0.00000010000000000000
 972		  5224	  3782	0.00000020000000000000
 973		 12133	Not Found	0.00000010000000000000
 974		  1598	Not Found	0.00000010000000000000
 975		 18353	  9917	0.00000020000000000000
 976		 14607	Not Found	0.00000010000000000000
 977		  3845	Not Found	0.00000020000000000000
 978		  8611	  6256	0.00000000000000000000
 979		 11957	  7555	0.00000010000000000000
 980		 23020	Not Found	0.00000010000000000000
 981		  8369	Not Found	0.00000010000000000000
 982		 22354	Not Found	0.00000020000000000000
 983		  9748	Not Found	0.00000020000000000000
 984		  2509	  1776	0.00000020000000000000
 985		 18645	 10021	0.00000010000000000000
 986		  2387	  1681	0.00000010000000000000
 987		  3782	  2717	0.00000010000000000000
 988		  2138	Not Found	0.00000020000000000000
 989		  2630	Not Found	0.00000010000000000000
 990		 13950	Not Found	0.00000010000000000000
 991		 17746	  9672	0.00000020000000000000
 992		  8719	  6338	0.00000010000000000000
 993		  1885	  1316	0.00000010000000000000
 994		  5008	  3616	0.00000020000000000000
 995		  2897	  2055	0.00000010000000000000
 996		  6000	  4328	0.00000010000000000000
 997		 19301	Not Found	0.00000020000000000000
 998		 12927	Not Found	0.00000010000000000000
 999		  5620	Not Found	0.00000010000000000000
1000		  3640	Not Found	0.00000010000000000000
