LINEAR SEARCH ANALYSIS
Array Size = 15000
-------------------------------------------
Iteration	Key	Index	Time (sec)
-------------------------------------------
   1		 13046	Not Found	0.00000000000000000000
   2		 14960	Not Found	0.00000000000000000000
   3		  4275	Not Found	0.00000000000000000000
   4		 18058	Not Found	0.00000000000000000000
   5		 16146	Not Found	0.00000000000000000000
   6		  1612	  6634	0.00000000000000000000
   7		 14248	 11783	0.00000000000000000000
   8		 17561	Not Found	0.00000000000000000000
   9		 22621	Not Found	0.00000000000000000000
  10		 12410	Not Found	0.00000000000000000000
  11		 25684	   480	0.00000000000000000000
  12		 28904	Not Found	0.00000000000000000000
  13		  1926	  5765	0.00000000000000000000
  14		  1757	Not Found	0.00000000000000000000
  15		 22825	Not Found	0.00000000000000000000
  16		 25521	Not Found	0.00000000000000000000
  17		  1219	 10774	0.00000000000000000000
  18		 20669	  8856	0.00000000000000000000
  19		 19373	Not Found	0.00000000000000000000
  20		 14577	Not Found	0.00000000000000000000
  21		  9946	  8376	0.00000000000000000000
  22		  3117	  2825	0.00000000000000000000
  23		  7805	Not Found	0.00000000000000000000
  24		 29282	 12871	0.00000000000000000000
  25		  8482	  1512	0.00000000000000000000
  26		 29897	 12799	0.00000000000000000000
  27		  1890	  4873	0.00000000000000000000
  28		 13738	  4213	0.00000000000000000000
  29		 20213	  4436	0.00000000000000000000
  30		 21390	  2010	0.00000000000000000000
  31		 14788	Not Found	0.00000000000000000000
  32		 15058	 14626	0.00000000000000000000
  33		 11657	Not Found	0.00000000000000000000
  34		   239	  5858	0.00000000000000000000
  35		  7308	 12174	0.00000000000000000000
  36		  2505	 14103	0.00000000000000000000
  37		  5072	Not Found	0.00000000000000000000
  38		 19748	  8274	0.00000000000000000000
  39		 29966	  8323	0.00000000000000000000
  40		  3914	Not Found	0.00000000000000000000
  41		  8604	Not Found	0.00000000000000000000
  42		 17094	Not Found	0.00000000000000000000
  43		  9559	  7371	0.00000000000000000000
  44		    43	 14033	0.00000000000000000000
  45		 10759	Not Found	0.00000000000000000000
  46		   617	   386	0.00000000000000000000
  47		  2483	 14978	0.00000000000000000000
  48		 25783	Not Found	0.00000000000000000000
  49		  7442	   156	0.00000000000000000000
  50		 24489	Not Found	0.00000000000000000000
  51		  6498	Not Found	0.00000000000000000000
  52		 23151	Not Found	0.00000000000000000000
  53		 13452	  7453	0.00000000000000000000
  54		 22168	Not Found	0.00000000000000000000
  55		  1723	  1211	0.00000000000000000000
  56		  2044	   557	0.00000000000000000000
  57		 26678	  8847	0.00000000000000000000
  58		 21302	  8495	0.00000000000000000000
  59		  2130	  3382	0.00000000000000000000
  60		 22361	Not Found	0.00000000000000000000
  61		 27940	 13079	0.00000000000000000000
  62		  1058	  9477	0.00000000000000000000
  63		 10631	Not Found	0.00000000000000000000
  64		  8798	    73	0.00000000000000000000
  65		 17510	  5435	0.00000000000000000000
  66		  2208	Not Found	0.00000000000000000000
  67		 25471	Not Found	0.00000000000000000000
  68		 27487	Not Found	0.00000000000000000000
  69		  7400	  8732	0.00000000000000000000
  70		  4348	  5514	0.00000000000000000000
  71		 11814	Not Found	0.00000000000000000000
  72		 28711	 14080	0.00000000000000000000
  73		  3223	  1914	0.00000000000000000000
  74		 17182	  2430	0.00000000000000000000
  75		  8820	Not Found	0.00000000000000000000
  76		 18527	Not Found	0.00000000000000000000
  77		 25797	  1934	0.00000000000000000000
  78		  5967	Not Found	0.00000000000000000000
  79		  4592	Not Found	0.00000000000000000000
  80		 12036	   448	0.00000000000000000000
  81		  9679	Not Found	0.00000000000000000000
  82		 14474	Not Found	0.00000000000000000000
  83		 14195	Not Found	0.00000000000000000000
  84		    24	  3529	0.00000000000000000000
  85		 22013	Not Found	0.00000000000000000000
  86		  1286	Not Found	0.00000000000000000000
  87		 25903	Not Found	0.00000000000000000000
  88		 16023	 13312	0.00000000000000000000
  89		 16297	Not Found	0.00000000000000000000
  90		 25539	   936	0.00000000000000000000
  91		 21487	  6697	0.00000000000000000000
  92		 13996	Not Found	0.00000000000000000000
  93		 23204	Not Found	0.00000000000000000000
  94		  6243	Not Found	0.00000000000000000000
  95		   624	  3154	0.00000000000000000000
  96		  4133	Not Found	0.00000000000000000000
  97		 25813	  8138	0.00000000000000000000
  98		  2364	 10760	0.00000000000000000000
  99		  2017	  5931	0.00000000000000000000
 100		 25893	Not Found	0.00000000000000000000
 101		 28195	 10168	0.00000000000000000000
 102		 11179	  3939	0.00000000000000000000
 103		 21751	Not Found	0.00000000000000000000
 104		 12568	Not Found	0.00000000000000000000
 105		 23446	  7871	0.00000000000000000000
 106		  2731	 12279	0.00000000000000000000
 107		 28724	Not Found	0.00000000000000000000
 108		 11244	Not Found	0.00000000000000000000
 109		  9656	Not Found	0.00000000000000000000
 110		  7078	Not Found	0.00000000000000000000
 111		  4441	Not Found	0.00000000000000000000
 112		 25983	Not Found	0.00000000000000000000
 113		 22082	 14373	0.00000000000000000000
 114		 21899	Not Found	0.00000000000000000000
 115		 22377	Not Found	0.00000000000000000000
 116		 13651	Not Found	0.00000000000000000000
 117		  2292	Not Found	0.00000000000000000000
 118		 15904	Not Found	0.00000000000000000000
 119		 26080	Not Found	0.00000000000000000000
 120		 21129	Not Found	0.00000000000000000000
 121		 29637	Not Found	0.00000000000000000000
 122		 24986	Not Found	0.00000000000000000000
 123		 19955	  6514	0.00000000000000000000
 124		 10253	   827	0.00000000000000000000
 125		 14908	Not Found	0.00000000000000000000
 126		 26731	Not Found	0.00000000000000000000
 127		  7450	Not Found	0.00000000000000000000
 128		 14606	Not Found	0.00000000000000000000
 129		  4126	  3829	0.00000000000000000000
 130		 16219	Not Found	0.00000000000000000000
 131		 13516	Not Found	0.00000000000000000000
 132		 10673	Not Found	0.00000000000000000000
 133		 28489	Not Found	0.00000000000000000000
 134		  1498	  4507	0.00000000000000000000
 135		 20361	  3842	0.00000000000000000000
 136		 16390	 13746	0.00000000000000000000
 137		 25824	  7990	0.00000000000000000000
 138		 13972	Not Found	0.00000000000000000000
 139		 22302	Not Found	0.00000000000000000000
 140		 28987	Not Found	0.00000000000000000000
 141		 14760	Not Found	0.00000000000000000000
 142		 15943	Not Found	0.00000000000000000000
 143		 28709	Not Found	0.00000000000000000000
 144		 20239	Not Found	0.00000000000000000000
 145		  1154	 10577	0.00000000000000000000
 146		 29905	  1779	0.00000000000000000000
 147		 24267	Not Found	0.00000000000000000000
 148		 27018	  1150	0.00000000000000000000
 149		  7995	  9864	0.00000000000000000000
 150		 11406	  4415	0.00000000000000000000
 151		 10454	Not Found	0.00000000000000000000
 152		   955	Not Found	0.00000000000000000000
 153		 25808	  1524	0.00000000000000000000
 154		 19424	  1079	0.00000000000000000000
 155		  6374	Not Found	0.00000000000000000000
 156		 25571	Not Found	0.00000000000000000000
 157		   694	Not Found	0.00000000000000000000
 158		  9487	 11668	0.00000000000000000000
 159		  1786	 14894	0.00000000000000000000
 160		   208	  2523	0.00000000000000000000
 161		 23432	Not Found	0.00000000000000000000
 162		    84	   150	0.00000000000000000000
 163		  2615	Not Found	0.00000000000000000000
 164		 23148	Not Found	0.00000000000000000000
 165		 23586	Not Found	0.00000000000000000000
 166		  3120	  3442	0.00000000000000000000
 167		   693	  2091	0.00000000000000000000
 168		 11991	  1103	0.00000000000000000000
 169		  4798	  2563	0.00000000000000000000
 170		 10242	Not Found	0.00000000000000000000
 171		 21435	  2280	0.00000000000000000000
 172		 17074	 13864	0.00000000000000000000
 173		 16733	Not Found	0.00000000000000000000
 174		 15577	  8512	0.00000000000000000000
 175		  5468	   721	0.00000000000000000000
 176		 22174	Not Found	0.00000000000000000000
 177		 28521	Not Found	0.00000000000000000000
 178		  6279	Not Found	0.00000000000000000000
 179		 26401	 14061	0.00000000000000000000
 180		 28708	 10002	0.00000000000000000000
 181		 16024	Not Found	0.00000000000000000000
 182		  2503	Not Found	0.00000000000000000000
 183		 16921	  9401	0.00000000000000000000
 184		  5542	Not Found	0.00000000000000000000
 185		  1811	  8980	0.00000000000000000000
 186		 26048	Not Found	0.00000000000000000000
 187		  2894	Not Found	0.00000000000000000000
 188		  1685	  3618	0.00000000000000000000
 189		  2472	  7232	0.00000000000000000000
 190		  3577	  2907	0.00000000000000000000
 191		  5706	Not Found	0.00000000000000000000
 192		 17381	Not Found	0.00000000000000000000
 193		 28764	Not Found	0.00000000000000000000
 194		 28752	Not Found	0.00000000000000000000
 195		 12506	Not Found	0.00000000000000000000
 196		  1934	  6974	0.00000000000000000000
 197		 17525	Not Found	0.00000000000000000000
 198		 12118	Not Found	0.00000000000000000000
 199		  7186	  7629	0.00000000000000000000
 200		 13173	  4188	0.00000000000000000000
 201		 25464	Not Found	0.00000000000000000000
 202		  1053	  8315	0.00000000000000000000
 203		  5777	 13144	0.00000000000000000000
 204		 11962	Not Found	0.00000000000000000000
 205		 12702	  6877	0.00000000000000000000
 206		 22789	 10442	0.00000000000000000000
 207		 23559	Not Found	0.00000000000000000000
 208		  2835	Not Found	0.00000000000000000000
 209		 10925	Not Found	0.00000000000000000000
 210		  1747	    97	0.00000000000000000000
 211		 15860	 11439	0.00000000000000000000
 212		   137	Not Found	0.00000000000000000000
 213		 24788	Not Found	0.00000000000000000000
 214		 26627	Not Found	0.00000000000000000000
 215		 14770	Not Found	0.00000000000000000000
 216		 12448	  7400	0.00000000000000000000
 217		 25302	  7768	0.00000000000000000000
 218		 13920	  4513	0.00000000000000000000
 219		 12213	Not Found	0.00000000000000000000
 220		  4237	Not Found	0.00000000000000000000
 221		 19819	  5703	0.00000000000000000000
 222		 26321	Not Found	0.00000000000000000000
 223		  8210	Not Found	0.00000000000000000000
 224		 17316	  6393	0.00000000000000000000
 225		  3043	Not Found	0.00000000000000000000
 226		   582	Not Found	0.00000000000000000000
 227		  4158	Not Found	0.00000000000000000000
 228		  1248	  9134	0.00000000000000000000
 229		  3084	Not Found	0.00000000000000000000
 230		 25587	  8802	0.00000000000000000000
 231		  2280	Not Found	0.00000000000000000000
 232		 10182	 14671	0.00000000000000000000
 233		 26966	Not Found	0.00000000000000000000
 234		 13324	Not Found	0.00000000000000000000
 235		  1066	Not Found	0.00000000000000000000
 236		 10172	Not Found	0.00000000000000000000
 237		 21301	Not Found	0.00000000000000000000
 238		 22643	Not Found	0.00000000000000000000
 239		  4908	   470	0.00000000000000000000
 240		  8021	  7298	0.00000000000000000000
 241		 12999	Not Found	0.00000000000000000000
 242		 18909	Not Found	0.00000000000000000000
 243		 25802	 10691	0.00000000000000000000
 244		 13856	Not Found	0.00000000000000000000
 245		 21431	Not Found	0.00000000000000000000
 246		  7771	 13531	0.00000000000000000000
 247		  2984	Not Found	0.00000000000000000000
 248		   147	Not Found	0.00000000000000000000
 249		  5217	Not Found	0.00000000000000000000
 250		  2280	Not Found	0.00000000000000000000
 251		 17570	  6295	0.00000000000000000000
 252		 26162	  2471	0.00000000000000000000
 253		 24886	  1983	0.00000000000000000000
 254		   526	Not Found	0.00000000000000000000
 255		 27992	  4282	0.00000000000000000000
 256		 14885	   281	0.00000000000000000000
 257		  2610	   539	0.00000000000000000000
 258		 16879	Not Found	0.00000000000000000000
 259		 17386	  1042	0.00000000000000000000
 260		  8136	Not Found	0.00000000000000000000
 261		 27309	Not Found	0.00000000000000000000
 262		  8880	Not Found	0.00000000000000000000
 263		 21504	Not Found	0.00000000000000000000
 264		  2484	Not Found	0.00000000000000000000
 265		 19103	Not Found	0.00000000000000000000
 266		 25848	 10659	0.00000000000000000000
 267		 13582	Not Found	0.00000000000000000000
 268		  1054	  1107	0.00000000000000000000
 269		 17128	 10404	0.00000000000000000000
 270		  1226	  6074	0.00000000000000000000
 271		  2214	 13664	0.00000000000000000000
 272		 27214	Not Found	0.00000000000000000000
 273		  8959	Not Found	0.00000000000000000000
 274		 12238	  3509	0.00000000000000000000
 275		  4398	Not Found	0.00000000000000000000
 276		  4179	Not Found	0.00000000000000000000
 277		 14600	Not Found	0.00000000000000000000
 278		 23719	 12632	0.00000000000000000000
 279		 10243	  3031	0.00000000000000000000
 280		 13558	Not Found	0.00000000000000000000
 281		 19451	   624	0.00000000000000000000
 282		 27777	Not Found	0.00000000000000000000
 283		 15518	  3329	0.00000000000000000000
 284		 20460	  4107	0.00000000000000000000
 285		   259	  4690	0.00000000000000000000
 286		  2793	  9367	0.00000000000000000000
 287		 15142	Not Found	0.00000000000000000000
 288		  4176	Not Found	0.00000000000000000000
 289		 12324	Not Found	0.00000000000000000000
 290		 16354	Not Found	0.00000000000000000000
 291		  7014	Not Found	0.00000000000000000000
 292		  8016	Not Found	0.00000000000000000000
 293		 27681	  6896	0.00000000000000000000
 294		 26677	Not Found	0.00000000000000000000
 295		 18385	   154	0.00000000000000000000
 296		  1526	  8435	0.00000000000000000000
 297		 16797	 11728	0.00000000000000000000
 298		  2056	Not Found	0.00000000000000000000
 299		   147	Not Found	0.00000000000000000000
 300		  2330	  9619	0.00000000000000000000
 301		 29056	Not Found	0.00000000000000000000
 302		 11186	Not Found	0.00000000000000000000
 303		 21258	Not Found	0.00000000000000000000
 304		 26341	   452	0.00000000000000000000
 305		 10908	Not Found	0.00000000000000000000
 306		 19150	Not Found	0.00000000000000000000
 307		 11429	Not Found	0.00000000000000000000
 308		 29321	Not Found	0.00000000000000000000
 309		  1681	  1400	0.00000000000000000000
 310		 24974	Not Found	0.00000000000000000000
 311		 29387	Not Found	0.00000000000000000000
 312		 25120	Not Found	0.00000000000000000000
 313		 19949	Not Found	0.00000000000000000000
 314		 13395	Not Found	0.00000000000000000000
 315		 15920	Not Found	0.00000000000000000000
 316		  1267	  8198	0.00000000000000000000
 317		 18328	Not Found	0.00000000000000000000
 318		 29050	Not Found	0.00000000000000000000
 319		 14979	Not Found	0.00000000000000000000
 320		 21261	Not Found	0.00000000000000000000
 321		  6000	 13940	0.00000000000000000000
 322		  9592	Not Found	0.00000000000000000000
 323		  6715	  8519	0.00000000000000000000
 324		  3598	 10491	0.00000000000000000000
 325		 28720	Not Found	0.00000000000000000000
 326		 13609	Not Found	0.00000000000000000000
 327		   611	Not Found	0.00000000000000000000
 328		 16899	Not Found	0.00000000000000000000
 329		  7318	Not Found	0.00000000000000000000
 330		 21093	  3093	0.00000000000000000000
 331		 18131	Not Found	0.00000000000000000000
 332		 13478	Not Found	0.00000000000000000000
 333		  9157	Not Found	0.00000000000000000000
 334		  7893	  3790	0.00000000000000000000
 335		 15826	  2538	0.00000000000000000000
 336		 13314	  1996	0.00000000000000000000
 337		  3304	Not Found	0.00000000000000000000
 338		 28932	  2908	0.00000000000000000000
 339		 21689	  5740	0.00000000000000000000
 340		  9259	Not Found	0.00000000000000000000
 341		  1560	  2798	0.00000000000000000000
 342		 28601	Not Found	0.00000000000000000000
 343		 17417	 11533	0.00000000000000000000
 344		  5419	  4233	0.00000000000000000000
 345		 29312	Not Found	0.00000000000000000000
 346		   597	Not Found	0.00000000000000000000
 347		  9184	  9065	0.00000000000000000000
 348		    15	  2920	0.00000000000000000000
 349		  9150	  9184	0.00000000000000000000
 350		  2408	 14122	0.00000000000000000000
 351		  4216	Not Found	0.00000000000000000000
 352		 13124	  7015	0.00000000000000000000
 353		 17037	Not Found	0.00000000000000000000
 354		 27352	Not Found	0.00000000000000000000
 355		   704	  2037	0.00000000000000000000
 356		 25964	  9004	0.00000000000000000000
 357		 10913	Not Found	0.00000000000000000000
 358		  3637	 13400	0.00000000000000000000
 359		    31	  4422	0.00000000000000000000
 360		 18485	Not Found	0.00000000000000000000
 361		 15827	Not Found	0.00000000000000000000
 362		 15670	  9190	0.00000000000000000000
 363		 23750	Not Found	0.00000000000000000000
 364		 10652	Not Found	0.00000000000000000000
 365		 29310	 10930	0.00000000000000000000
 366		 13272	Not Found	0.00000000000000000000
 367		 23861	Not Found	0.00000000000000000000
 368		  5261	Not Found	0.00000000000000000000
 369		  8489	Not Found	0.00000000000000000000
 370		 15513	Not Found	0.00000000000000000000
 371		 23281	  2731	0.00000000000000000000
 372		 20639	Not Found	0.00000000000000000000
 373		 21862	  9246	0.00000000000000000000
 374		 19920	Not Found	0.00000000000000000000
 375		 26565	  5626	0.00000000000000000000
 376		  2558	  4283	0.00000000000000000000
 377		  9721	   929	0.00000000000000000000
 378		  4415	  3488	0.00000000000000000000
 379		  1798	Not Found	0.00000000000000000000
 380		 13736	Not Found	0.00000000000000000000
 381		 22589	Not Found	0.00000000000000000000
 382		  2539	  1935	0.00000000000000000000
 383		 22027	Not Found	0.00000000000000000000
 384		  1501	 11221	0.00000000000000000000
 385		 21188	 14085	0.00000000000000000000
 386		 19500	Not Found	0.00000000000000000000
 387		  8205	Not Found	0.00000000000000000000
 388		   720	Not Found	0.00000000000000000000
 389		  9022	Not Found	0.00000000000000000000
 390		  1744	Not Found	0.00000000000000000000
 391		 18188	Not Found	0.00000000000000000000
 392		  7075	Not Found	0.00000000000000000000
 393		  7068	  5316	0.00000000000000000000
 394		  1444	  3333	0.00000000000000000000
 395		  8226	Not Found	0.00000000000000000000
 396		 17298	Not Found	0.00000000000000000000
 397		 19061	  8584	0.00000000000000000000
 398		 17510	  5435	0.00000000000000000000
 399		 17468	Not Found	0.00000000000000000000
 400		 28527	Not Found	0.00000000000000000000
 401		 21160	Not Found	0.00000000000000000000
 402		  2997	 13386	0.00000000000000000000
 403		 17621	  8222	0.00000000000000000000
 404		  1870	Not Found	0.00000000000000000000
 405		 26179	  3062	0.00000000000000000000
 406		 18042	Not Found	0.00000000000000000000
 407		  7685	Not Found	0.00000000000000000000
 408		  8321	  5326	0.00000000000000000000
 409		 26787	 14354	0.00000000000000000000
 410		  8363	  5976	0.00000000000000000000
 411		  2491	Not Found	0.00000000000000000000
 412		  5063	Not Found	0.00000000000000000000
 413		  1709	  6463	0.00000000000000000000
 414		 28444	Not Found	0.00000000000000000000
 415		  6214	Not Found	0.00000000000000000000
 416		 17344	  5397	0.00000000000000000000
 417		  2093	  5071	0.00000000000000000000
 418		 18841	    75	0.00000000000000000000
 419		 12827	Not Found	0.00000000000000000000
 420		 10148	Not Found	0.00000000000000000000
 421		 13773	Not Found	0.00000000000000000000
 422		  2867	  8234	0.00000000000000000000
 423		 26322	Not Found	0.00000000000000000000
 424		 28213	Not Found	0.00000000000000000000
 425		 16441	Not Found	0.00000000000000000000
 426		 11479	Not Found	0.00000000000000000000
 427		 11633	 10041	0.00000000000000000000
 428		 19698	  5709	0.00000000000000000000
 429		 27760	Not Found	0.00000000000000000000
 430		 11813	Not Found	0.00000000000000000000
 431		  1213	 10809	0.00000000000000000000
 432		 20366	Not Found	0.00000000000000000000
 433		  8365	Not Found	0.00000000000000000000
 434		   126	  5491	0.00000000000000000000
 435		 19438	  7880	0.00000000000000000000
 436		 15264	  9053	0.00000000000000000000
 437		  2374	  1574	0.00000000000000000000
 438		 10335	Not Found	0.00000000000000000000
 439		  6867	Not Found	0.00000000000000000000
 440		 23708	Not Found	0.00000000000000000000
 441		 20165	  3874	0.00000000000000000000
 442		  2286	 11231	0.00000000000000000000
 443		 17142	  3114	0.00000000000000000000
 444		 19458	Not Found	0.00000000000000000000
 445		  1078	   476	0.00000000000000000000
 446		  3539	  5853	0.00000000000000000000
 447		 22577	Not Found	0.00000000000000000000
 448		  2517	  7917	0.00000000000000000000
 449		  2976	Not Found	0.00000000000000000000
 450		 10057	Not Found	0.00000000000000000000
 451		   417	  5535	0.00000000000000000000
 452		  1055	Not Found	0.00000000000000000000
 453		  4631	Not Found	0.00000000000000000000
 454		 19573	Not Found	0.00000000000000000000
 455		 17065	 12841	0.00000000000000000000
 456		  5587	Not Found	0.00000000000000000000
 457		 18929	 12493	0.00000000000000000000
 458		   710	Not Found	0.00000000000000000000
 459		 21818	Not Found	0.00000000000000000000
 460		 29731	Not Found	0.00000000000000000000
 461		 27960	  9768	0.00000000000000000000
 462		 21181	 10420	0.00000000000000000000
 463		  1058	  9477	0.00000000000000000000
 464		 25555	 11908	0.00000000000000000000
 465		  7807	  2118	0.00000000000000000000
 466		   287	Not Found	0.00000000000000000000
 467		 24003	Not Found	0.00000000000000000000
 468		 17662	Not Found	0.00000000000000000000
 469		 14281	Not Found	0.00000000000000000000
 470		 17960	  7019	0.00000000000000000000
 471		  1590	  5777	0.00000000000000000000
 472		 26167	Not Found	0.00000000000000000000
 473		   166	  4019	0.00000000000000000000
 474		 28979	Not Found	0.00000000000000000000
 475		 21103	 13121	0.00000000000000000000
 476		  2450	Not Found	0.00000000000000000000
 477		  3999	 14540	0.00000000000000000000
 478		 18871	Not Found	0.00000000000000000000
 479		  2771	Not Found	0.00000000000000000000
 480		  6405	Not Found	0.00000000000000000000
 481		 23252	Not Found	0.00000000000000000000
 482		 28004	   253	0.00000000000000000000
 483		  5671	Not Found	0.00000000000000000000
 484		   313	Not Found	0.00000000000000000000
 485		 15332	Not Found	0.00000000000000000000
 486		 21615	 12383	0.00000000000000000000
 487		 15514	  3192	0.00000000000000000000
 488		  3173	Not Found	0.00000000000000000000
 489		 27405	Not Found	0.00000000000000000000
 490		 28714	  5891	0.00000000000000000000
 491		  7174	Not Found	0.00000000000000000000
 492		 19341	 12956	0.00000000000000000000
 493		 13717	Not Found	0.00000000000000000000
 494		  6103	Not Found	0.00000000000000000000
 495		 12659	Not Found	0.00000000000000000000
 496		  2550	Not Found	0.00000000000000000000
 497		 29544	Not Found	0.00000000000000000000
 498		 14270	Not Found	0.00000000000000000000
 499		  7133	Not Found	0.00000000000000000000
 500		 24270	Not Found	0.00000000000000000000
 501		     2	  6112	0.00000000000000000000
 502		   333	  4636	0.00000000000000000000
 503		  1799	 14092	0.00000000000000000000
 504		  2362	  6608	0.00000000000000000000
 505		 14991	Not Found	0.00000000000000000000
 506		 17568	  6944	0.00000000000000000000
 507		  5807	Not Found	0.00000000000000000000
 508		 12400	Not Found	0.00000000000000000000
 509		 20817	Not Found	0.00000000000000000000
 510		  2673	  5154	0.00000000000000000000
 511		  6452	  5392	0.00000000000000000000
 512		 22070	Not Found	0.00000000000000000000
 513		 23619	 11203	0.00000000000000000000
 514		 26641	Not Found	0.00000000000000000000
 515		 11061	  4730	0.00000000000000000000
 516		 11466	  2818	0.00000000000000000000
 517		  2812	  8246	0.00000000000000000000
 518		 15304	Not Found	0.00000000000000000000
 519		 10924	 14771	0.00000000000000000000
 520		 28627	  7141	0.00000000000000000000
 521		 27093	Not Found	0.00000000000000000000
 522		 25242	  1198	0.00000000000000000000
 523		 14940	Not Found	0.00000000000000000000
 524		 18840	  1847	0.00000000000000000000
 525		   590	   508	0.00000000000000000000
 526		 26395	Not Found	0.00000000000000000000
 527		  1366	  1376	0.00000000000000000000
 528		  6256	Not Found	0.00000000000000000000
 529		 23214	Not Found	0.00000000000000000000
 530		  4740	Not Found	0.00000000000000000000
 531		 23490	 10546	0.00000000000000000000
 532		 10361	Not Found	0.00000000000000000000
 533		  6378	Not Found	0.00000000000000000000
 534		  5125	Not Found	0.00000000000000000000
 535		  3292	  3328	0.00000000000000000000
 536		 13709	Not Found	0.00000000000000000000
 537		 19656	Not Found	0.00000000000000000000
 538		 12893	 10966	0.00000000000000000000
 539		  8765	Not Found	0.00000000000000000000
 540		 18802	   709	0.00000000000000000000
 541		  9540	  2080	0.00000000000000000000
 542		 15273	 11108	0.00000000000000000000
 543		 24668	Not Found	0.00000000000000000000
 544		 19025	Not Found	0.00000000000000000000
 545		  5427	Not Found	0.00000000000000000000
 546		 10105	Not Found	0.00000000000000000000
 547		 12372	  9537	0.00000000000000000000
 548		 19818	Not Found	0.00000000000000000000
 549		 11046	  4937	0.00000000000000000000
 550		  7977	Not Found	0.00000000000000000000
 551		 22248	Not Found	0.00000000000000000000
 552		   517	Not Found	0.00000000000000000000
 553		  8337	  6061	0.00000000000000000000
 554		 24687	  6670	0.00000000000000000000
 555		  7364	  9203	0.00000000000000000000
 556		 18604	  1043	0.00000000000000000000
 557		 25645	Not Found	0.00000000000000000000
 558		 11824	Not Found	0.00000000000000000000
 559		 19461	Not Found	0.00000000000000000000
 560		 19095	Not Found	0.00000000000000000000
 561		  9114	 12468	0.00000000000000000000
 562		 17304	Not Found	0.00000000000000000000
 563		  9980	  7451	0.00000000000000000000
 564		  9576	Not Found	0.00000000000000000000
 565		  6217	Not Found	0.00000000000000000000
 566		  2105	Not Found	0.00000000000000000000
 567		 15407	   477	0.00000000000000000000
 568		  2537	Not Found	0.00000000000000000000
 569		  7065	Not Found	0.00000000000000000000
 570		 11667	   362	0.00000000000000000000
 571		 15265	  4707	0.00000000000000000000
 572		  5682	Not Found	0.00000000000000000000
 573		 17984	Not Found	0.00000000000000000000
 574		 19718	  7301	0.00000000000000000000
 575		 12628	Not Found	0.00000000000000000000
 576		  8767	Not Found	0.00000000000000000000
 577		  7917	  2701	0.00000000000000000000
 578		  2708	  2650	0.00000000000000000000
 579		 18699	Not Found	0.00000000000000000000
 580		  6273	Not Found	0.00000000000000000000
 581		  7212	  2375	0.00000000000000000000
 582		  7994	Not Found	0.00000000000000000000
 583		  2596	  7737	0.00000000000000000000
 584		 10468	Not Found	0.00000000000000000000
 585		  2137	Not Found	0.00000000000000000000
 586		 16080	Not Found	0.00000000000000000000
 587		 25542	Not Found	0.00000000000000000000
 588		  1841	  9235	0.00000000000000000000
 589		 16376	 12687	0.00000000000000000000
 590		 24255	Not Found	0.00000000000000000000
 591		 20616	  3237	0.00000000000000000000
 592		 21637	Not Found	0.00000000000000000000
 593		 12660	 12983	0.00000000000000000000
 594		 16674	  3042	0.00000000000000000000
 595		 15123	Not Found	0.00000000000000000000
 596		 15618	  4355	0.00000000000000000000
 597		 26599	Not Found	0.00000000000000000000
 598		  5457	Not Found	0.00000000000000000000
 599		   568	  9927	0.00000000000000000000
 600		  7620	 12003	0.00000000000000000000
 601		  8010	Not Found	0.00000000000000000000
 602		 28010	Not Found	0.00000000000000000000
 603		 23908	  4195	0.00000000000000000000
 604		 18198	Not Found	0.00000000000000000000
 605		 17165	Not Found	0.00000000000000000000
 606		 12848	 11779	0.00000000000000000000
 607		 20771	   815	0.00000000000000000000
 608		 12006	Not Found	0.00000000000000000000
 609		  9913	Not Found	0.00000000000000000000
 610		  2329	Not Found	0.00000000000000000000
 611		 19683	Not Found	0.00000000000000000000
 612		 10103	Not Found	0.00000000000000000000
 613		 12756	  6686	0.00000000000000000000
 614		 24738	 11591	0.00000000000000000000
 615		 22011	Not Found	0.00000000000000000000
 616		 28246	  4522	0.00000000000000000000
 617		   773	   693	0.00000000000000000000
 618		  5862	Not Found	0.00000000000000000000
 619		 25579	  8065	0.00000000000000000000
 620		 10127	Not Found	0.00000000000000000000
 621		 20088	Not Found	0.00000000000000000000
 622		 28271	Not Found	0.00000000000000000000
 623		 20965	Not Found	0.00000000000000000000
 624		  6432	Not Found	0.00000000000000000000
 625		  1620	Not Found	0.00000000000000000000
 626		 17740	Not Found	0.00000000000000000000
 627		  2445	 14221	0.00000000000000000000
 628		 15022	  6976	0.00000000000000000000
 629		 17803	Not Found	0.00000000000000000000
 630		 16995	 12461	0.00000000000000000000
 631		 19198	Not Found	0.00000000000000000000
 632		 28023	Not Found	0.00000000000000000000
 633		 25634	Not Found	0.00000000000000000000
 634		 27913	Not Found	0.00000000000000000000
 635		 13837	Not Found	0.00000000000000000000
 636		 28808	Not Found	0.00000000000000000000
 637		  2370	Not Found	0.00000000000000000000
 638		 25296	Not Found	0.00000000000000000000
 639		   929	  5618	0.00000000000000000000
 640		 25904	Not Found	0.00000000000000000000
 641		 28126	  7011	0.00000000000000000000
 642		  8096	Not Found	0.00000000000000000000
 643		 18275	Not Found	0.00000000000000000000
 644		   644	 11882	0.00000000000000000000
 645		  5095	Not Found	0.00000000000000000000
 646		  3082	Not Found	0.00000000000000000000
 647		   226	Not Found	0.00000000000000000000
 648		    68	Not Found	0.00000000000000000000
 649		 18252	  4280	0.00000000000000000000
 650		 17880	Not Found	0.00000000000000000000
 651		  9658	 13674	0.00000000000000000000
 652		 12334	  3376	0.00000000000000000000
 653		  7285	  6347	0.00000000000000000000
 654		 22249	  5878	0.00000000000000000000
 655		   806	  6510	0.00000000000000000000
 656		  8018	Not Found	0.00000000000000000000
 657		  3345	Not Found	0.00000000000000000000
 658		 20028	  7129	0.00000000000000000000
 659		 14324	Not Found	0.00000000000000000000
 660		 19926	 12393	0.00000000000000000000
 661		 17151	Not Found	0.00000000000000000000
 662		 28490	Not Found	0.00000000000000000000
 663		   345	  2584	0.00000000000000000000
 664		 28187	Not Found	0.00000000000000000000
 665		  2666	  7863	0.00000000000000000000
 666		 27545	  1948	0.00000000000000000000
 667		 10276	Not Found	0.00000000000000000000
 668		  2799	Not Found	0.00000000000000000000
 669		 12089	Not Found	0.00000000000000000000
 670		 23182	Not Found	0.00000000000000000000
 671		 21863	Not Found	0.00000000000000000000
 672		 24068	  1550	0.00000000000000000000
 673		 18854	  7040	0.00000000000000000000
 674		 25475	Not Found	0.00000000000000000000
 675		   739	   200	0.00000000000000000000
 676		 27296	Not Found	0.00000000000000000000
 677		 15916	Not Found	0.00000000000000000000
 678		 19993	  5756	0.00000000000000000000
 679		  6675	Not Found	0.00000000000000000000
 680		 12439	Not Found	0.00000000000000000000
 681		 29863	Not Found	0.00000000000000000000
 682		 27855	  4595	0.00000000000000000000
 683		 26044	Not Found	0.00000000000000000000
 684		  2935	Not Found	0.00000000000000000000
 685		  2743	Not Found	0.00000000000000000000
 686		  5588	Not Found	0.00000000000000000000
 687		  2899	Not Found	0.00000000000000000000
 688		  4610	Not Found	0.00000000000000000000
 689		  1381	Not Found	0.00000000000000000000
 690		  7706	 10160	0.00000000000000000000
 691		  8143	  1261	0.00000000000000000000
 692		  2529	Not Found	0.00000000000000000000
 693		 17929	Not Found	0.00000000000000000000
 694		  2732	Not Found	0.00000000000000000000
 695		 22753	 14332	0.00000000000000000000
 696		 17302	  3929	0.00000000000000000000
 697		 18027	Not Found	0.00000000000000000000
 698		 27713	Not Found	0.00000000000000000000
 699		 18994	Not Found	0.00000000000000000000
 700		 29363	Not Found	0.00000000000000000000
 701		 24616	  2131	0.00000000000000000000
 702		  6417	  3944	0.00000000000000000000
 703		  2028	Not Found	0.00000000000000000000
 704		 22089	Not Found	0.00000000000000000000
 705		  9047	Not Found	0.00000000000000000000
 706		 14567	  7628	0.00000000000000000000
 707		 21115	  5141	0.00000000000000000000
 708		 17828	 14427	0.00000000000000000000
 709		   109	 10503	0.00000000000000000000
 710		 22392	 13511	0.00000000000000000000
 711		 12181	Not Found	0.00000000000000000000
 712		     5	Not Found	0.00000000000000000000
 713		 18782	Not Found	0.00000000000000000000
 714		 28915	Not Found	0.00000000000000000000
 715		  5239	Not Found	0.00000000000000000000
 716		  2000	  7291	0.00000000000000000000
 717		 19973	Not Found	0.00000000000000000000
 718		 11481	Not Found	0.00000000000000000000
 719		  1394	Not Found	0.00000000000000000000
 720		 16408	Not Found	0.00000000000000000000
 721		  6086	Not Found	0.00000000000000000000
 722		 15119	  2246	0.00000000000000000000
 723		 20135	  9254	0.00000000000000000000
 724		 26167	Not Found	0.00000000000000000000
 725		  2162	  2017	0.00000000000000000000
 726		  1842	Not Found	0.00000000000000000000
 727		 14863	Not Found	0.00000000000000000000
 728		 13778	Not Found	0.00000000000000000000
 729		 24682	Not Found	0.00000000000000000000
 730		 13866	Not Found	0.00000000000000000000
 731		 26302	Not Found	0.00000000000000000000
 732		 26683	Not Found	0.00000000000000000000
 733		 28680	Not Found	0.00000000000000000000
 734		  8706	Not Found	0.00000000000000000000
 735		  9576	Not Found	0.00000000000000000000
 736		 12009	  2452	0.00000000000000000000
 737		   778	   687	0.00000000000000000000
 738		 18422	  6093	0.00000000000000000000
 739		  2292	Not Found	0.00000000000000000000
 740		 12838	 14992	0.00000000000000000000
 741		  2368	  7611	0.00000000000000000000
 742		 23758	Not Found	0.00000000000000000000
 743		 17264	Not Found	0.00000000000000000000
 744		 26632	 14876	0.00000000000000000000
 745		  6073	Not Found	0.00000000000000000000
 746		  1595	 13893	0.00000000000000000000
 747		 22133	Not Found	0.00000000000000000000
 748		 22434	Not Found	0.00000000000000000000
 749		 28456	  4589	0.00000000000000000000
 750		  8608	Not Found	0.00000000000000000000
 751		   141	Not Found	0.00000000000000000000
 752		  7291	  7315	0.00000000000000000000
 753		  2941	 11682	0.00000000000000000000
 754		 28483	 10848	0.00000000000000000000
 755		  1539	Not Found	0.00000000000000000000
 756		 15936	Not Found	0.00000000000000000000
 757		  6145	Not Found	0.00000000000000000000
 758		 23427	Not Found	0.00000000000000000000
 759		 22042	 10862	0.00000000000000000000
 760		 12469	Not Found	0.00000000000000000000
 761		 13490	  2873	0.00000000000000000000
 762		 21627	Not Found	0.00000000000000000000
 763		  1824	 12800	0.00000000000000000000
 764		  4081	 10357	0.00000000000000000000
 765		  4512	Not Found	0.00000000000000000000
 766		  2008	Not Found	0.00000000000000000000
 767		 14051	Not Found	0.00000000000000000000
 768		 27851	Not Found	0.00000000000000000000
 769		 22935	Not Found	0.00000000000000000000
 770		  1960	  6871	0.00000000000000000000
 771		 22165	Not Found	0.00000000000000000000
 772		 15760	Not Found	0.00000000000000000000
 773		 12286	  6210	0.00000000000000000000
 774		  5828	Not Found	0.00000000000000000000
 775		 19372	Not Found	0.00000000000000000000
 776		 18167	Not Found	0.00000000000000000000
 777		 17919	Not Found	0.00000000000000000000
 778		  1072	  7724	0.00000000000000000000
 779		  1086	Not Found	0.00000000000000000000
 780		  4438	  6197	0.00000000000000000000
 781		 19177	Not Found	0.00000000000000000000
 782		  2208	Not Found	0.00000000000000000000
 783		  2683	 11669	0.00000000000000000000
 784		 15893	Not Found	0.00000000000000000000
 785		 15314	Not Found	0.00000000000000000000
 786		 18653	  2754	0.00000000000000000000
 787		 15211	 10624	0.00000000000000000000
 788		 20835	Not Found	0.00000000000000000000
 789		 22144	  8047	0.00000000000000000000
 790		   584	  1833	0.00000000000000000000
 791		 23818	  5137	0.00000000000000000000
 792		 17449	Not Found	0.00000000000000000000
 793		 13194	 10890	0.00000000000000000000
 794		  5725	Not Found	0.00000000000000000000
 795		 15728	Not Found	0.00000000000000000000
 796		 29244	   250	0.00000000000000000000
 797		 19386	Not Found	0.00000000000000000000
 798		 13772	 10850	0.00000000000000000000
 799		 14694	  4066	0.00000000000000000000
 800		 14551	Not Found	0.00000000000000000000
 801		 27830	 11072	0.00000000000000000000
 802		  1973	Not Found	0.00000000000000000000
 803		 27478	Not Found	0.00000000000000000000
 804		 22856	  9334	0.00000000000000000000
 805		 24799	 10766	0.00000000000000000000
 806		 16898	  9910	0.00000000000000000000
 807		 12882	  5100	0.00000000000000000000
 808		 29673	Not Found	0.00000000000000000000
 809		 20090	Not Found	0.00000000000000000000
 810		  7161	 14678	0.00000000000000000000
 811		 10840	Not Found	0.00000000000000000000
 812		 12114	Not Found	0.00000000000000000000
 813		  4622	  5295	0.00000000000000000000
 814		 20241	  5711	0.00000000000000000000
 815		  1189	Not Found	0.00000000000000000000
 816		 24525	Not Found	0.00000000000000000000
 817		  6156	  3352	0.00000000000000000000
 818		  6661	Not Found	0.00000000000000000000
 819		  6247	  4424	0.00000000000000000000
 820		 17163	Not Found	0.00000000000000000000
 821		  1157	Not Found	0.00000000000000000000
 822		  1272	Not Found	0.00000000000000000000
 823		 29415	Not Found	0.00000000000000000000
 824		  9237	 10129	0.00000000000000000000
 825		 24889	 11928	0.00000000000000000000
 826		  3832	Not Found	0.00000000000000000000
 827		  4263	 11897	0.00000000000000000000
 828		  1620	Not Found	0.00000000000000000000
 829		  1004	Not Found	0.00000000000000000000
 830		 23541	Not Found	0.00000000000000000000
 831		  7672	 10259	0.00000000000000000000
 832		 24565	Not Found	0.00000000000000000000
 833		 27358	Not Found	0.00000000000000000000
 834		 23732	  7421	0.00000000000000000000
 835		  2752	Not Found	0.00000000000000000000
 836		 23224	Not Found	0.00000000000000000000
 837		 12507	Not Found	0.00000000000000000000
 838		  7983	Not Found	0.00000000000000000000
 839		 21866	Not Found	0.00000000000000000000
 840		 29896	Not Found	0.00000000000000000000
 841		 16240	Not Found	0.00000000000000000000
 842		 22623	 12641	0.00000000000000000000
 843		  2381	Not Found	0.00000000000000000000
 844		  4096	Not Found	0.00000000000000000000
 845		 18783	  3121	0.00000000000000000000
 846		  9997	 10332	0.00000000000000000000
 847		 23058	Not Found	0.00000000000000000000
 848		 24715	Not Found	0.00000000000000000000
 849		  9077	 12683	0.00000000000000000000
 850		   949	  7958	0.00000000000000000000
 851		  1360	  1240	0.00000000000000000000
 852		  6813	Not Found	0.00000000000000000000
 853		  2922	  8287	0.00000000000000000000
 854		 17868	Not Found	0.00000000000000000000
 855		 12218	 10765	0.00000000000000000000
 856		 10336	  5564	0.00000000000000000000
 857		 22024	Not Found	0.00000000000000000000
 858		  5491	Not Found	0.00000000000000000000
 859		  4220	 11338	0.00000000000000000000
 860		  1794	 11227	0.00000000000000000000
 861		 18575	   554	0.00000000000000000000
 862		   812	Not Found	0.00000000000000000000
 863		 18850	 13276	0.00000000000000000000
 864		 21261	Not Found	0.00000000000000000000
 865		  8537	Not Found	0.00000000000000000000
 866		 13309	Not Found	0.00000000000000000000
 867		  3050	  9773	0.00000000000000000000
 868		  1558	  3693	0.00000000000000000000
 869		  5050	Not Found	0.00000000000000000000
 870		 29427	  9217	0.00000000000000000000
 871		  1786	 14894	0.00000000000000000000
 872		 29563	  6913	0.00000000000000000000
 873		 15146	Not Found	0.00000000000000000000
 874		 26553	Not Found	0.00000000000000000000
 875		  5541	Not Found	0.00000000000000000000
 876		   151	  6713	0.00000000000000000000
 877		 18854	  7040	0.00000000000000000000
 878		  7017	Not Found	0.00000000000000000000
 879		  2618	Not Found	0.00000000000000000000
 880		 17207	Not Found	0.00000000000000000000
 881		    35	Not Found	0.00000000000000000000
 882		 16290	 12161	0.00000000000000000000
 883		 29501	  7909	0.00000000000000000000
 884		 17282	Not Found	0.00000000000000000000
 885		 26981	Not Found	0.00000000000000000000
 886		 27611	Not Found	0.00000000000000000000
 887		  8075	 12061	0.00000000000000000000
 888		 19700	Not Found	0.00000000000000000000
 889		 15935	Not Found	0.00000000000000000000
 890		 17655	  2612	0.00000000000000000000
 891		  2936	 12998	0.00000000000000000000
 892		 10412	 10085	0.00000000000000000000
 893		 15579	Not Found	0.00000000000000000000
 894		 17177	Not Found	0.00000000000000000000
 895		  5483	Not Found	0.00000000000000000000
 896		  9991	Not Found	0.00000000000000000000
 897		 29037	Not Found	0.00000000000000000000
 898		  2489	Not Found	0.00000000000000000000
 899		 15052	Not Found	0.00000000000000000000
 900		 22620	Not Found	0.00000000000000000000
 901		 20803	  4725	0.00000000000000000000
 902		  1528	 13343	0.00000000000000000000
 903		  3340	Not Found	0.00000000000000000000
 904		 15850	  9699	0.00000000000000000000
 905		   704	  2037	0.00000000000000000000
 906		 18224	Not Found	0.00000000000000000000
 907		   694	Not Found	0.00000000000000000000
 908		  1806	  9881	0.00000000000000000000
 909		 16297	Not Found	0.00000000000000000000
 910		 17872	 10188	0.00000000000000000000
 911		 15589	  4593	0.00000000000000000000
 912		 11962	Not Found	0.00000000000000000000
 913		 14575	  2537	0.00000000000000000000
 914		  3175	Not Found	0.00000000000000000000
 915		 18471	Not Found	0.00000000000000000000
 916		  3362	 10397	0.00000000000000000000
 917		 17775	Not Found	0.00000000000000000000
 918		   462	  4279	0.00000000000000000000
 919		 16992	Not Found	0.00000000000000000000
 920		 12728	  7005	0.00000000000000000000
 921		 23078	Not Found	0.00000000000000000000
 922		  1915	Not Found	0.00000000000000000000
 923		  1057	  9204	0.00000000000000000000
 924		  6491	  3491	0.00000000000000000000
 925		 11464	  7434	0.00000000000000000000
 926		 14179	  9963	0.00000000000000000000
 927		 20059	  7834	0.00000000000000000000
 928		  5323	Not Found	0.00000000000000000000
 929		 20579	Not Found	0.00000000000000000000
 930		  7696	Not Found	0.00000000000000000000
 931		 27679	Not Found	0.00000000000000000000
 932		 29537	  9763	0.00000000000000000000
 933		  1343	Not Found	0.00000000000000000000
 934		  9443	Not Found	0.00000000000000000000
 935		  8615	Not Found	0.00000000000000000000
 936		 17917	  3023	0.00000000000000000000
 937		 16394	  2774	0.00000000000000000000
 938		 14316	  1091	0.00000000000000000000
 939		  3226	  2363	0.00000000000000000000
 940		 20031	Not Found	0.00000000000000000000
 941		 11313	Not Found	0.00000000000000000000
 942		 17384	Not Found	0.00000000000000000000
 943		 22924	Not Found	0.00000000000000000000
 944		 28154	Not Found	0.00000000000000000000
 945		 11665	Not Found	0.00000000000000000000
 946		 16730	  2812	0.00000000000000000000
 947		 29380	  5470	0.00000000000000000000
 948		 10981	Not Found	0.00000000000000000000
 949		  9551	Not Found	0.00000000000000000000
 950		   173	  8995	0.00000000000000000000
 951		  3139	  4660	0.00000000000000000000
 952		  6804	Not Found	0.00000000000000000000
 953		  2260	  4995	0.00000000000000000000
 954		 24504	Not Found	0.00000000000000000000
 955		 12546	Not Found	0.00000000000000000000
 956		 19111	Not Found	0.00000000000000000000
 957		 17182	  2430	0.00000000000000000000
 958		  2691	  6582	0.00000000000000000000
 959		 13690	  7336	0.00000000000000000000
 960		  1042	   540	0.00000000000000000000
 961		 18307	Not Found	0.00000000000000000000
 962		 29993	Not Found	0.00000000000000000000
 963		 13161	Not Found	0.00000000000000000000
 964		 12733	Not Found	0.00000000000000000000
 965		  8055	Not Found	0.00000000000000000000
 966		  8287	Not Found	0.00000000000000000000
 967		 29396	Not Found	0.00000000000000000000
 968		  8604	Not Found	0.00000000000000000000
 969		 29119	  7534	0.00000000000000000000
 970		 16148	   731	0.00000000000000000000
 971		 25672	Not Found	0.00000000000000000000
 972		 14785	Not Found	0.00000000000000000000
 973		 25606	Not Found	0.00000000000000000000
 974		 14169	Not Found	0.00000000000000000000
 975		  4198	  2158	0.00000000000000000000
 976		 28640	Not Found	0.00000000000000000000
 977		  9857	Not Found	0.00000000000000000000
 978		  1187	 11162	0.00000000000000000000
 979		  8351	Not Found	0.00000000000000000000
 980		 13364	Not Found	0.00000000000000000000
 981		 25295	Not Found	0.00000000000000000000
 982		  1519	  4955	0.00000000000000000000
 983		 25915	Not Found	0.00000000000000000000
 984		 28528	Not Found	0.00000000000000000000
 985		  4643	  6785	0.00000000000000000000
 986		 21829	Not Found	0.00000000000000000000
 987		  1904	  2664	0.00000000000000000000
 988		  7417	  4050	0.00000000000000000000
 989		  2420	Not Found	0.00000000000000000000
 990		 16304	  4796	0.00000000000000000000
 991		  2721	Not Found	0.00000000000000000000
 992		 21842	  4069	0.00000000000000000000
 993		 29716	Not Found	0.00000000000000000000
 994		 22317	Not Found	0.00000000000000000000
 995		 22581	Not Found	0.00000000000000000000
 996		 23767	  4473	0.00000000000000000000
 997		 25520	  2639	0.00000000000000000000
 998		 19730	Not Found	0.00000000000000000000
 999		  8858	Not Found	0.00000000000000000000
1000		  2735	Not Found	0.00000000000000000000
