LINEAR SEARCH ANALYSIS
Array Size = 14000
-------------------------------------------
Iteration	Key	Index	Time (sec)
-------------------------------------------
   1		 15020	Not Found	0.00000000000000000000
   2		 25460	Not Found	0.00000000000000000000
   3		 27955	Not Found	0.00000000000000000000
   4		 25183	  5868	0.00000000000000000000
   5		 12178	Not Found	0.00000000000000000000
   6		 22021	Not Found	0.00000000000000000000
   7		 15357	Not Found	0.00000000000000000000
   8		 13262	Not Found	0.00000000000000000000
   9		   188	  7983	0.00000000000000000000
  10		 15653	Not Found	0.00000000000000000000
  11		 27808	Not Found	0.00000000000000000000
  12		  1305	   466	0.00000000000000000000
  13		  4320	  2421	0.00000000000000000000
  14		 20514	  3953	0.00000000000000000000
  15		  1029	   251	0.00000000000000000000
  16		  1809	  5679	0.00000000000000000000
  17		  1728	Not Found	0.00000000000000000000
  18		  4365	Not Found	0.00000000000000000000
  19		 16299	Not Found	0.00000000000000000000
  20		  7629	  8320	0.00000000000000000000
  21		  3526	  5732	0.00000000000000000000
  22		  3822	  2626	0.00000000000000000000
  23		  1959	  9704	0.00000000000000000000
  24		  6812	  9445	0.00000000000000000000
  25		 21843	Not Found	0.00000000000000000000
  26		 18843	   761	0.00000000000000000000
  27		 16873	  3948	0.00000000000000000000
  28		 21053	  5764	0.00000000000000000000
  29		  2937	Not Found	0.00000000000000000000
  30		 24393	  2074	0.00000000000000000000
  31		 27328	  7888	0.00000000000000000000
  32		 25427	 11199	0.00000000000000000000
  33		 22949	Not Found	0.00000000000000000000
  34		   962	  3807	0.00000000000000000000
  35		  5793	Not Found	0.00000000000000000000
  36		 16659	Not Found	0.00000000000000000000
  37		  5249	Not Found	0.00000000000000000000
  38		   183	  6003	0.00000000000000000000
  39		 16676	Not Found	0.00000000000000000000
  40		 22080	Not Found	0.00000000000000000000
  41		  8984	Not Found	0.00000000000000000000
  42		 13112	Not Found	0.00000000000000000000
  43		  3407	  6844	0.00000000000000000000
  44		 21593	Not Found	0.00000000000000000000
  45		 24892	Not Found	0.00000000000000000000
  46		 11969	 11581	0.00000000000000000000
  47		 23319	Not Found	0.00000000000000000000
  48		   785	Not Found	0.00000000000000000000
  49		   292	Not Found	0.00000000000000000000
  50		   183	  6003	0.00000000000000000000
  51		 22052	Not Found	0.00000000000000000000
  52		  9215	  8221	0.00000000000000000000
  53		 12378	Not Found	0.00000000000000000000
  54		 20916	 11425	0.00000000000000000000
  55		 25045	  1365	0.00000000000000000000
  56		 16023	Not Found	0.00000000000000000000
  57		   981	  9657	0.00000000000000000000
  58		 22719	Not Found	0.00000000000000000000
  59		  1668	Not Found	0.00000000000000000000
  60		 26713	Not Found	0.00000000000000000000
  61		   513	 10501	0.00000000000000000000
  62		 19168	Not Found	0.00000000000000000000
  63		 17419	Not Found	0.00000000000000000000
  64		 23880	Not Found	0.00000000000000000000
  65		 19528	Not Found	0.00000000000000000000
  66		 13394	  8470	0.00000000000000000000
  67		    38	 10262	0.00000000000000000000
  68		  3902	Not Found	0.00100000000000000000
  69		 13099	  7700	0.00000000000000000000
  70		 26682	Not Found	0.00000000000000000000
  71		  1275	  9585	0.00000000000000000000
  72		  4190	Not Found	0.00000000000000000000
  73		 11569	  7723	0.00000000000000000000
  74		  4055	Not Found	0.00000000000000000000
  75		 14456	  3533	0.00000000000000000000
  76		  1034	Not Found	0.00000000000000000000
  77		   100	  8561	0.00000000000000000000
  78		  2778	Not Found	0.00000000000000000000
  79		 27612	Not Found	0.00000000000000000000
  80		 25398	Not Found	0.00000000000000000000
  81		  6999	Not Found	0.00000000000000000000
  82		  6552	Not Found	0.00000000000000000000
  83		 26457	Not Found	0.00000000000000000000
  84		 12092	Not Found	0.00000000000000000000
  85		 25612	 10278	0.00000000000000000000
  86		    93	  5269	0.00000000000000000000
  87		  6808	Not Found	0.00000000000000000000
  88		 24594	Not Found	0.00000000000000000000
  89		   182	Not Found	0.00000000000000000000
  90		  6116	  6871	0.00000000000000000000
  91		  4445	Not Found	0.00000000000000000000
  92		 10489	Not Found	0.00000000000000000000
  93		 23547	Not Found	0.00000000000000000000
  94		   932	Not Found	0.00000000000000000000
  95		    12	  9923	0.00000000000000000000
  96		 20567	 13454	0.00000000000000000000
  97		   636	Not Found	0.00000000000000000000
  98		  4077	Not Found	0.00000000000000000000
  99		  3085	Not Found	0.00000000000000000000
 100		  7784	Not Found	0.00000000000000000000
 101		  3928	Not Found	0.00000000000000000000
 102		 22804	  5506	0.00000000000000000000
 103		 12716	  7223	0.00000000000000000000
 104		  9264	Not Found	0.00000000000000000000
 105		 16045	   677	0.00000000000000000000
 106		  9290	Not Found	0.00000000000000000000
 107		  1348	Not Found	0.00000000000000000000
 108		   340	 13466	0.00000000000000000000
 109		 22304	Not Found	0.00000000000000000000
 110		  4660	Not Found	0.00000000000000000000
 111		  9564	 10261	0.00000000000000000000
 112		  3337	Not Found	0.00000000000000000000
 113		  3904	Not Found	0.00000000000000000000
 114		 11031	Not Found	0.00000000000000000000
 115		  5330	 11947	0.00000000000000000000
 116		  3469	  1915	0.00000000000000000000
 117		  5798	Not Found	0.00000000000000000000
 118		  1074	  9208	0.00000000000000000000
 119		 19960	Not Found	0.00000000000000000000
 120		 19189	Not Found	0.00000000000000000000
 121		 20575	   184	0.00000000000000000000
 122		  1232	Not Found	0.00000000000000000000
 123		 16637	   923	0.00000000000000000000
 124		  6279	Not Found	0.00000000000000000000
 125		 25613	Not Found	0.00000000000000000000
 126		   990	   748	0.00000000000000000000
 127		  1997	Not Found	0.00000000000000000000
 128		  8553	Not Found	0.00000000000000000000
 129		 13739	   140	0.00000000000000000000
 130		 10970	  8591	0.00000000000000000000
 131		  2171	  1964	0.00000000000000000000
 132		  5081	Not Found	0.00000000000000000000
 133		   207	 13954	0.00000000000000000000
 134		 22861	Not Found	0.00000000000000000000
 135		 21790	Not Found	0.00000000000000000000
 136		 26494	  6526	0.00000000000000000000
 137		  7637	Not Found	0.00000000000000000000
 138		  2107	  8812	0.00000000000000000000
 139		  1785	  5689	0.00000000000000000000
 140		 17055	Not Found	0.00000000000000000000
 141		  8762	Not Found	0.00000000000000000000
 142		 26200	Not Found	0.00000000000000000000
 143		 27296	Not Found	0.00000000000000000000
 144		 16275	Not Found	0.00000000000000000000
 145		 24646	Not Found	0.00000000000000000000
 146		  4284	  1611	0.00000000000000000000
 147		 13336	Not Found	0.00000000000000000000
 148		  9848	  8500	0.00000000000000000000
 149		  2542	Not Found	0.00000000000000000000
 150		  4762	Not Found	0.00000000000000000000
 151		  3070	Not Found	0.00000000000000000000
 152		   456	  4605	0.00000000000000000000
 153		  3480	   225	0.00000000000000000000
 154		  5838	Not Found	0.00000000000000000000
 155		 10219	Not Found	0.00000000000000000000
 156		  8041	Not Found	0.00000000000000000000
 157		   256	  7826	0.00000000000000000000
 158		  4597	  6294	0.00000000000000000000
 159		 14422	Not Found	0.00000000000000000000
 160		 22884	Not Found	0.00000000000000000000
 161		  8955	  3176	0.00000000000000000000
 162		 19746	 10797	0.00000000000000000000
 163		 21082	 12337	0.00000000000000000000
 164		 11865	  2617	0.00000000000000000000
 165		 13146	Not Found	0.00000000000000000000
 166		  1422	Not Found	0.00000000000000000000
 167		  9913	Not Found	0.00000000000000000000
 168		  2448	Not Found	0.00000000000000000000
 169		  9457	Not Found	0.00000000000000000000
 170		   591	 11812	0.00000000000000000000
 171		 10786	Not Found	0.00000000000000000000
 172		 18323	Not Found	0.00000000000000000000
 173		  1304	  7686	0.00000000000000000000
 174		 25165	  9392	0.00000000000000000000
 175		  4783	   114	0.00000000000000000000
 176		 19866	  7252	0.00000000000000000000
 177		  5522	Not Found	0.00000000000000000000
 178		  3921	Not Found	0.00000000000000000000
 179		 20146	  3722	0.00000000000000000000
 180		 13639	Not Found	0.00000000000000000000
 181		 21421	Not Found	0.00000000000000000000
 182		  2622	  1316	0.00000000000000000000
 183		 22705	  1949	0.00000000000000000000
 184		 24723	 11632	0.00000000000000000000
 185		 21033	 13481	0.00000000000000000000
 186		  2948	  4136	0.00000000000000000000
 187		  3247	Not Found	0.00000000000000000000
 188		  2569	  7783	0.00000000000000000000
 189		 13756	Not Found	0.00000000000000000000
 190		  7570	Not Found	0.00000000000000000000
 191		 25261	Not Found	0.00000000000000000000
 192		  9522	Not Found	0.00000000000000000000
 193		 20757	Not Found	0.00000000000000000000
 194		 14413	Not Found	0.00000000000000000000
 195		 12913	  3043	0.00000000000000000000
 196		  9040	Not Found	0.00000000000000000000
 197		  9919	Not Found	0.00000000000000000000
 198		  4383	  7683	0.00000000000000000000
 199		 25734	 10084	0.00000000000000000000
 200		   750	  7594	0.00000000000000000000
 201		 16969	Not Found	0.00000000000000000000
 202		  8081	  3338	0.00000000000000000000
 203		 13444	Not Found	0.00000000000000000000
 204		 15352	Not Found	0.00000000000000000000
 205		 11428	Not Found	0.00000000000000000000
 206		  2651	  4944	0.00000000000000000000
 207		 26770	   655	0.00000000000000000000
 208		 25448	Not Found	0.00000000000000000000
 209		  4716	Not Found	0.00000000000000000000
 210		 25883	Not Found	0.00000000000000000000
 211		  8744	Not Found	0.00000000000000000000
 212		  3776	Not Found	0.00000000000000000000
 213		 23978	  6267	0.00000000000000000000
 214		  1445	Not Found	0.00000000000000000000
 215		 11290	  5551	0.00000000000000000000
 216		 22303	 13900	0.00000000000000000000
 217		 20026	Not Found	0.00000000000000000000
 218		 20379	  8145	0.00000000000000000000
 219		 27090	Not Found	0.00000000000000000000
 220		  2253	  2635	0.00000000000000000000
 221		 18665	Not Found	0.00000000000000000000
 222		 16285	  2242	0.00000000000000000000
 223		 19420	Not Found	0.00000000000000000000
 224		 21945	Not Found	0.00000000000000000000
 225		 27969	Not Found	0.00000000000000000000
 226		  1154	  2163	0.00000000000000000000
 227		    73	  5763	0.00000000000000000000
 228		  3110	Not Found	0.00000000000000000000
 229		 11975	Not Found	0.00000000000000000000
 230		 26823	   774	0.00000000000000000000
 231		 16524	Not Found	0.00000000000000000000
 232		  9633	  4540	0.00000000000000000000
 233		  2756	 10337	0.00000000000000000000
 234		 26247	Not Found	0.00000000000000000000
 235		 26633	  3357	0.00000000000000000000
 236		 16950	Not Found	0.00000000000000000000
 237		  2436	Not Found	0.00000000000000000000
 238		  7244	Not Found	0.00000000000000000000
 239		 11087	Not Found	0.00000000000000000000
 240		 25571	Not Found	0.00000000000000000000
 241		  5692	Not Found	0.00000000000000000000
 242		  1061	  8959	0.00000000000000000000
 243		  8195	Not Found	0.00000000000000000000
 244		  4333	Not Found	0.00000000000000000000
 245		 26031	Not Found	0.00000000000000000000
 246		  8440	  8009	0.00000000000000000000
 247		  1247	  3367	0.00000000000000000000
 248		 11954	Not Found	0.00000000000000000000
 249		  3602	Not Found	0.00000000000000000000
 250		  5658	Not Found	0.00000000000000000000
 251		   123	  9852	0.00000000000000000000
 252		 12319	Not Found	0.00000000000000000000
 253		  2734	Not Found	0.00000000000000000000
 254		 23837	Not Found	0.00000000000000000000
 255		 11499	  4976	0.00000000000000000000
 256		 24547	Not Found	0.00000000000000000000
 257		 14534	  9358	0.00000000000000000000
 258		  3561	 10246	0.00000000000000000000
 259		  3976	  3685	0.00000000000000000000
 260		 26179	Not Found	0.00000000000000000000
 261		  1498	  7885	0.00000000000000000000
 262		 27918	  6119	0.00000000000000000000
 263		 24788	Not Found	0.00000000000000000000
 264		 22383	Not Found	0.00000000000000000000
 265		 23756	Not Found	0.00000000000000000000
 266		 13401	Not Found	0.00000000000000000000
 267		 19768	  6544	0.00000000000000000000
 268		 24757	Not Found	0.00000000000000000000
 269		  5601	 10387	0.00000000000000000000
 270		 18854	Not Found	0.00000000000000000000
 271		  3568	Not Found	0.00000000000000000000
 272		 22005	  4434	0.00000000000000000000
 273		 25641	  4230	0.00000000000000000000
 274		 22516	 13705	0.00000000000000000000
 275		   106	Not Found	0.00000000000000000000
 276		 13141	Not Found	0.00000000000000000000
 277		  4130	Not Found	0.00000000000000000000
 278		  4447	Not Found	0.00000000000000000000
 279		  2858	Not Found	0.00000000000000000000
 280		 26421	  1754	0.00000000000000000000
 281		  3258	 11095	0.00000000000000000000
 282		  2954	  6166	0.00000000000000000000
 283		  3570	  3838	0.00000000000000000000
 284		  2822	Not Found	0.00000000000000000000
 285		 12756	  7096	0.00000000000000000000
 286		  1115	  2725	0.00000000000000000000
 287		 13024	Not Found	0.00000000000000000000
 288		 23702	  9688	0.00000000000000000000
 289		  2286	  2628	0.00000000000000000000
 290		  1867	  8635	0.00000000000000000000
 291		 22424	Not Found	0.00000000000000000000
 292		  4879	Not Found	0.00000000000000000000
 293		   640	  2439	0.00000000000000000000
 294		 14334	  1031	0.00000000000000000000
 295		 24420	Not Found	0.00000000000000000000
 296		 22434	Not Found	0.00000000000000000000
 297		  6791	  9677	0.00000000000000000000
 298		 10800	  5948	0.00000000000000000000
 299		  8345	Not Found	0.00000000000000000000
 300		   477	  7550	0.00000000000000000000
 301		 12930	Not Found	0.00000000000000000000
 302		  4113	 12297	0.00000000000000000000
 303		 14204	Not Found	0.00000000000000000000
 304		 25733	Not Found	0.00000000000000000000
 305		  2269	Not Found	0.00000000000000000000
 306		  8883	Not Found	0.00000000000000000000
 307		 25861	  9913	0.00000000000000000000
 308		 16704	Not Found	0.00000000000000000000
 309		  2796	  5373	0.00000000000000000000
 310		  3489	Not Found	0.00000000000000000000
 311		 19171	Not Found	0.00000000000000000000
 312		  9361	Not Found	0.00000000000000000000
 313		  4378	  1890	0.00000000000000000000
 314		 13074	Not Found	0.00000000000000000000
 315		 10431	Not Found	0.00000000000000000000
 316		 15881	Not Found	0.00000000000000000000
 317		 18724	Not Found	0.00000000000000000000
 318		  4030	  8666	0.00000000000000000000
 319		  4453	  1776	0.00000000000000000000
 320		  2236	  9497	0.00000000000000000000
 321		 18175	Not Found	0.00000000000000000000
 322		  7408	   521	0.00000000000000000000
 323		 14689	 13345	0.00000000000000000000
 324		 22515	  3871	0.00000000000000000000
 325		  1825	  7974	0.00000000000000000000
 326		  3293	  6507	0.00000000000000000000
 327		 19014	Not Found	0.00000000000000000000
 328		  7200	  1130	0.00000000000000000000
 329		   574	  4639	0.00000000000000000000
 330		 11572	Not Found	0.00000000000000000000
 331		 21173	  6301	0.00000000000000000000
 332		  1719	  5518	0.00000000000000000000
 333		  5169	  3153	0.00000000000000000000
 334		 14678	Not Found	0.00000000000000000000
 335		 17148	  4334	0.00000000000000000000
 336		 24186	Not Found	0.00000000000000000000
 337		 14238	  3095	0.00000000000000000000
 338		 27272	  4216	0.00000000000000000000
 339		  4925	  6523	0.00000000000000000000
 340		  8053	Not Found	0.00000000000000000000
 341		 18357	Not Found	0.00000000000000000000
 342		  2150	  2694	0.00000000000000000000
 343		  3088	Not Found	0.00000000000000000000
 344		 11948	Not Found	0.00000000000000000000
 345		 20698	Not Found	0.00000000000000000000
 346		 21467	Not Found	0.00000000000000000000
 347		 16555	  7189	0.00000000000000000000
 348		 16754	Not Found	0.00000000000000000000
 349		 12131	  3931	0.00000000000000000000
 350		   750	  7594	0.00000000000000000000
 351		  9633	  4540	0.00000000000000000000
 352		 17724	Not Found	0.00000000000000000000
 353		   738	Not Found	0.00000000000000000000
 354		 11999	Not Found	0.00000000000000000000
 355		 23658	Not Found	0.00000000000000000000
 356		 24149	Not Found	0.00000000000000000000
 357		  9444	  2148	0.00000000000000000000
 358		 26739	Not Found	0.00000000000000000000
 359		  9090	Not Found	0.00000000000000000000
 360		 16083	Not Found	0.00000000000000000000
 361		 11865	  2617	0.00000000000000000000
 362		 26252	  5057	0.00000000000000000000
 363		  2067	  3159	0.00000000000000000000
 364		 27081	  3021	0.00000000000000000000
 365		 17332	Not Found	0.00000000000000000000
 366		   764	   192	0.00000000000000000000
 367		 16247	Not Found	0.00000000000000000000
 368		 14014	  3229	0.00000000000000000000
 369		 14261	Not Found	0.00000000000000000000
 370		  3131	Not Found	0.00000000000000000000
 371		 14840	  4591	0.00000000000000000000
 372		 10590	Not Found	0.00000000000000000000
 373		 16805	Not Found	0.00000000000000000000
 374		  7576	Not Found	0.00000000000000000000
 375		 21211	Not Found	0.00000000000000000000
 376		  1040	Not Found	0.00000000000000000000
 377		 19842	Not Found	0.00000000000000000000
 378		  2988	Not Found	0.00000000000000000000
 379		 16798	 13526	0.00000000000000000000
 380		  9992	  4832	0.00000000000000000000
 381		  5980	 12792	0.00000000000000000000
 382		  2773	  2937	0.00000000000000000000
 383		 12413	Not Found	0.00000000000000000000
 384		  5886	Not Found	0.00000000000000000000
 385		  5631	  9881	0.00000000000000000000
 386		  5793	Not Found	0.00000000000000000000
 387		  7227	  2926	0.00000000000000000000
 388		 13214	Not Found	0.00000000000000000000
 389		  2930	  7718	0.00000000000000000000
 390		 15177	Not Found	0.00000000000000000000
 391		 24862	Not Found	0.00000000000000000000
 392		  4161	   110	0.00000000000000000000
 393		 15615	Not Found	0.00000000000000000000
 394		 17249	Not Found	0.00000000000000000000
 395		  6460	Not Found	0.00000000000000000000
 396		  3069	 13034	0.00000000000000000000
 397		  7636	Not Found	0.00000000000000000000
 398		 25613	Not Found	0.00000000000000000000
 399		 12277	  4141	0.00000000000000000000
 400		  1080	Not Found	0.00000000000000000000
 401		 25706	  9097	0.00000000000000000000
 402		 24085	  9339	0.00000000000000000000
 403		 20161	Not Found	0.00000000000000000000
 404		  7778	  7326	0.00000000000000000000
 405		 23172	Not Found	0.00000000000000000000
 406		 13628	 12179	0.00000000000000000000
 407		  1836	Not Found	0.00000000000000000000
 408		  3940	Not Found	0.00000000000000000000
 409		 25785	 12156	0.00000000000000000000
 410		  1134	 13329	0.00000000000000000000
 411		 24094	Not Found	0.00000000000000000000
 412		  2515	Not Found	0.00000000000000000000
 413		  2006	Not Found	0.00000000000000000000
 414		  8313	  1633	0.00000000000000000000
 415		  7264	Not Found	0.00000000000000000000
 416		  9962	Not Found	0.00000000000000000000
 417		 23934	  7800	0.00000000000000000000
 418		  1117	Not Found	0.00000000000000000000
 419		  2140	     8	0.00000000000000000000
 420		 18743	  1757	0.00000000000000000000
 421		 15379	Not Found	0.00000000000000000000
 422		 12134	Not Found	0.00000000000000000000
 423		 27940	Not Found	0.00000000000000000000
 424		 14964	Not Found	0.00000000000000000000
 425		  5594	 11549	0.00000000000000000000
 426		  1914	 11058	0.00000000000000000000
 427		  4790	  9053	0.00000000000000000000
 428		  7481	Not Found	0.00000000000000000000
 429		 21337	  3650	0.00000000000000000000
 430		 27182	  7427	0.00000000000000000000
 431		  2943	Not Found	0.00000000000000000000
 432		   464	  5036	0.00000000000000000000
 433		 11524	Not Found	0.00000000000000000000
 434		 27166	Not Found	0.00000000000000000000
 435		  3517	  7382	0.00000000000000000000
 436		  8681	Not Found	0.00000000000000000000
 437		 18457	Not Found	0.00000000000000000000
 438		 19965	Not Found	0.00000000000000000000
 439		 14953	Not Found	0.00000000000000000000
 440		  1167	Not Found	0.00000000000000000000
 441		  6857	Not Found	0.00000000000000000000
 442		 20809	  9572	0.00000000000000000000
 443		  3925	  5630	0.00000000000000000000
 444		  7771	Not Found	0.00000000000000000000
 445		 23448	  6048	0.00000000000000000000
 446		 21378	Not Found	0.00000000000000000000
 447		 23122	Not Found	0.00000000000000000000
 448		 16872	  4579	0.00000000000000000000
 449		     6	Not Found	0.00000000000000000000
 450		 27708	Not Found	0.00000000000000000000
 451		 25686	Not Found	0.00000000000000000000
 452		  1830	Not Found	0.00000000000000000000
 453		  3695	Not Found	0.00000000000000000000
 454		  1396	Not Found	0.00000000000000000000
 455		  9627	Not Found	0.00000000000000000000
 456		  3539	Not Found	0.00000000000000000000
 457		 18224	   100	0.00000000000000000000
 458		   704	  4711	0.00000000000000000000
 459		 13579	Not Found	0.00000000000000000000
 460		 13255	Not Found	0.00000000000000000000
 461		 26891	  3739	0.00000000000000000000
 462		  9993	Not Found	0.00000000000000000000
 463		 15643	  1204	0.00000000000000000000
 464		  3694	  6352	0.00000000000000000000
 465		  5325	Not Found	0.00000000000000000000
 466		 13277	  1177	0.00000000000000000000
 467		  7318	Not Found	0.00000000000000000000
 468		 15195	Not Found	0.00000000000000000000
 469		  5165	Not Found	0.00000000000000000000
 470		 27264	  9137	0.00000000000000000000
 471		  1180	  1944	0.00000000000000000000
 472		 24763	Not Found	0.00000000000000000000
 473		  2040	Not Found	0.00000000000000000000
 474		   324	 11053	0.00000000000000000000
 475		 14314	Not Found	0.00000000000000000000
 476		 27880	Not Found	0.00000000000000000000
 477		 16747	    17	0.00000000000000000000
 478		 14233	Not Found	0.00000000000000000000
 479		 20316	Not Found	0.00000000000000000000
 480		 22752	Not Found	0.00000000000000000000
 481		 19168	Not Found	0.00000000000000000000
 482		  1638	Not Found	0.00000000000000000000
 483		 10159	  5256	0.00000000000000000000
 484		   405	  4460	0.00000000000000000000
 485		 25518	Not Found	0.00000000000000000000
 486		   536	Not Found	0.00000000000000000000
 487		 23692	Not Found	0.00000000000000000000
 488		 27078	 12541	0.00000000000000000000
 489		  1514	Not Found	0.00000000000000000000
 490		   250	Not Found	0.00000000000000000000
 491		  1890	   304	0.00000000000000000000
 492		  4621	Not Found	0.00000000000000000000
 493		 14258	  8436	0.00000000000000000000
 494		 12358	  4848	0.00000000000000000000
 495		  9172	Not Found	0.00000000000000000000
 496		 11514	Not Found	0.00000000000000000000
 497		 13067	Not Found	0.00000000000000000000
 498		  5499	  3752	0.00000000000000000000
 499		 17587	Not Found	0.00000000000000000000
 500		 22049	Not Found	0.00000000000000000000
 501		  7304	Not Found	0.00000000000000000000
 502		  4464	  3231	0.00000000000000000000
 503		  1132	Not Found	0.00000000000000000000
 504		  3375	Not Found	0.00000000000000000000
 505		 22671	Not Found	0.00000000000000000000
 506		 25864	Not Found	0.00000000000000000000
 507		 24133	  3958	0.00000000000000000000
 508		  5954	Not Found	0.00000000000000000000
 509		 15383	Not Found	0.00000000000000000000
 510		 25702	  7674	0.00000000000000000000
 511		 21636	Not Found	0.00000000000000000000
 512		   186	  6100	0.00000000000000000000
 513		  8021	 11997	0.00000000000000000000
 514		 20226	 12119	0.00000000000000000000
 515		  4242	  9639	0.00000000000000000000
 516		 21995	Not Found	0.00000000000000000000
 517		   919	   440	0.00000000000000000000
 518		   156	Not Found	0.00000000000000000000
 519		 22526	  7213	0.00000000000000000000
 520		 21524	Not Found	0.00000000000000000000
 521		 20592	Not Found	0.00000000000000000000
 522		 27825	Not Found	0.00000000000000000000
 523		  3332	Not Found	0.00000000000000000000
 524		  9877	Not Found	0.00000000000000000000
 525		 27669	  6687	0.00000000000000000000
 526		  8077	Not Found	0.00000000000000000000
 527		  4783	   114	0.00000000000000000000
 528		  1116	Not Found	0.00000000000000000000
 529		 13063	Not Found	0.00000000000000000000
 530		 11552	Not Found	0.00000000000000000000
 531		 14588	Not Found	0.00000000000000000000
 532		 16801	   776	0.00000000000000000000
 533		  4850	Not Found	0.00000000000000000000
 534		 19827	Not Found	0.00000000000000000000
 535		   514	Not Found	0.00000000000000000000
 536		 10707	Not Found	0.00000000000000000000
 537		 19669	Not Found	0.00000000000000000000
 538		  5020	Not Found	0.00000000000000000000
 539		  1263	Not Found	0.00000000000000000000
 540		 13778	Not Found	0.00000000000000000000
 541		  8804	  5963	0.00000000000000000000
 542		  2096	Not Found	0.00000000000000000000
 543		 14036	 12948	0.00000000000000000000
 544		  1278	Not Found	0.00000000000000000000
 545		  1355	Not Found	0.00000000000000000000
 546		  1593	    35	0.00000000000000000000
 547		 18084	Not Found	0.00000000000000000000
 548		 10960	 10166	0.00000000000000000000
 549		  2547	  1605	0.00000000000000000000
 550		  5576	Not Found	0.00000000000000000000
 551		 20985	  9785	0.00000000000000000000
 552		 11271	  9644	0.00000000000000000000
 553		 10473	  9949	0.00000000000000000000
 554		 11341	Not Found	0.00000000000000000000
 555		  8824	Not Found	0.00000000000000000000
 556		 13222	Not Found	0.00000000000000000000
 557		  1789	 10473	0.00000000000000000000
 558		  4740	  4453	0.00000000000000000000
 559		 20662	 12424	0.00000000000000000000
 560		 24445	Not Found	0.00000000000000000000
 561		 21513	Not Found	0.00000000000000000000
 562		 23794	  7564	0.00000000000000000000
 563		  1434	  9496	0.00000000000000000000
 564		 12612	Not Found	0.00000000000000000000
 565		  4051	  6521	0.00000000000000000000
 566		 11569	  7723	0.00000000000000000000
 567		 10565	Not Found	0.00000000000000000000
 568		  3375	Not Found	0.00000000000000000000
 569		 14612	Not Found	0.00000000000000000000
 570		  7561	Not Found	0.00000000000000000000
 571		 10895	Not Found	0.00000000000000000000
 572		 17662	Not Found	0.00000000000000000000
 573		  7962	Not Found	0.00000000000000000000
 574		  2752	Not Found	0.00000000000000000000
 575		 14164	Not Found	0.00000000000000000000
 576		  2740	 13585	0.00000000000000000000
 577		 20010	Not Found	0.00000000000000000000
 578		 12338	Not Found	0.00000000000000000000
 579		  5455	Not Found	0.00000000000000000000
 580		 21259	Not Found	0.00000000000000000000
 581		 26250	Not Found	0.00000000000000000000
 582		 18980	Not Found	0.00000000000000000000
 583		  2854	  8240	0.00000000000000000000
 584		  1926	  1786	0.00000000000000000000
 585		 23295	  9580	0.00000000000000000000
 586		 12885	  7644	0.00000000000000000000
 587		  4134	Not Found	0.00000000000000000000
 588		  5384	Not Found	0.00000000000000000000
 589		 23858	Not Found	0.00000000000000000000
 590		 10966	Not Found	0.00000000000000000000
 591		  6384	  6280	0.00000000000000000000
 592		 11587	 11361	0.00000000000000000000
 593		 26968	Not Found	0.00000000000000000000
 594		 19228	Not Found	0.00000000000000000000
 595		  8244	Not Found	0.00000000000000000000
 596		 15474	 11788	0.00000000000000000000
 597		 13586	  9795	0.00000000000000000000
 598		 17236	Not Found	0.00000000000000000000
 599		 20381	Not Found	0.00000000000000000000
 600		 26443	Not Found	0.00000000000000000000
 601		  1426	Not Found	0.00000000000000000000
 602		 27126	Not Found	0.00000000000000000000
 603		  1070	  8222	0.00000000000000000000
 604		  9519	   912	0.00000000000000000000
 605		 12544	  3700	0.00000000000000000000
 606		 18333	Not Found	0.00000000000000000000
 607		  2827	  6696	0.00000000000000000000
 608		 19109	Not Found	0.00000000000000000000
 609		 20252	  9596	0.00000000000000000000
 610		  5398	  3970	0.00000000000000000000
 611		 12666	Not Found	0.00000000000000000000
 612		  6150	Not Found	0.00000000000000000000
 613		 23844	Not Found	0.00000000000000000000
 614		 24502	Not Found	0.00000000000000000000
 615		    75	Not Found	0.00000000000000000000
 616		  8314	Not Found	0.00000000000000000000
 617		 22776	Not Found	0.00000000000000000000
 618		 18417	  4915	0.00000000000000000000
 619		 20503	  3969	0.00000000000000000000
 620		  7458	  4362	0.00000000000000000000
 621		  6012	Not Found	0.00000000000000000000
 622		  3625	Not Found	0.00000000000000000000
 623		  6757	Not Found	0.00000000000000000000
 624		   151	  2020	0.00000000000000000000
 625		 23102	  2789	0.00000000000000000000
 626		 25028	Not Found	0.00000000000000000000
 627		  8755	Not Found	0.00000000000000000000
 628		 24212	Not Found	0.00000000000000000000
 629		 26713	Not Found	0.00000000000000000000
 630		  9857	Not Found	0.00000000000000000000
 631		 20754	Not Found	0.00000000000000000000
 632		  3727	Not Found	0.00000000000000000000
 633		 11929	Not Found	0.00000000000000000000
 634		  9228	  3283	0.00000000000000000000
 635		 26066	Not Found	0.00000000000000000000
 636		  6862	 12137	0.00000000000000000000
 637		 10975	Not Found	0.00000000000000000000
 638		 21456	Not Found	0.00000000000000000000
 639		 23297	Not Found	0.00000000000000000000
 640		 22295	Not Found	0.00000000000000000000
 641		  9927	Not Found	0.00000000000000000000
 642		 16652	Not Found	0.00000000000000000000
 643		  5806	  1491	0.00000000000000000000
 644		 10024	Not Found	0.00000000000000000000
 645		  1417	  7759	0.00000000000000000000
 646		 12073	Not Found	0.00000000000000000000
 647		 18290	   238	0.00000000000000000000
 648		 21705	 11304	0.00000000000000000000
 649		 10525	Not Found	0.00000000000000000000
 650		  3307	  6332	0.00000000000000000000
 651		  4786	Not Found	0.00000000000000000000
 652		   606	Not Found	0.00000000000000000000
 653		 12963	Not Found	0.00000000000000000000
 654		 26150	Not Found	0.00000000000000000000
 655		  2750	  3705	0.00000000000000000000
 656		  4194	Not Found	0.00000000000000000000
 657		  8705	Not Found	0.00000000000000000000
 658		 20243	Not Found	0.00000000000000000000
 659		  3709	  2738	0.00000000000000000000
 660		  2480	  1327	0.00000000000000000000
 661		  6350	Not Found	0.00000000000000000000
 662		  1026	  1263	0.00000000000000000000
 663		  4173	Not Found	0.00000000000000000000
 664		 26723	Not Found	0.00000000000000000000
 665		 17519	Not Found	0.00000000000000000000
 666		 15090	Not Found	0.00000000000000000000
 667		 23013	Not Found	0.00000000000000000000
 668		 20033	  5293	0.00000000000000000000
 669		 13183	Not Found	0.00000000000000000000
 670		 23296	Not Found	0.00000000000000000000
 671		 17470	Not Found	0.00000000000000000000
 672		  2963	  4180	0.00000000000000000000
 673		  6773	Not Found	0.00000000000000000000
 674		  1085	Not Found	0.00000000000000000000
 675		  1810	  8925	0.00000000000000000000
 676		  4569	Not Found	0.00000000000000000000
 677		 19328	Not Found	0.00000000000000000000
 678		  5411	 12690	0.00000000000000000000
 679		  4067	Not Found	0.00000000000000000000
 680		  9820	Not Found	0.00000000000000000000
 681		 26038	  4927	0.00000000000000000000
 682		  6792	Not Found	0.00000000000000000000
 683		  1151	  7492	0.00000000000000000000
 684		 24355	Not Found	0.00000000000000000000
 685		  4622	  6405	0.00000000000000000000
 686		 24692	Not Found	0.00000000000000000000
 687		 18722	 10505	0.00000000000000000000
 688		 14218	  5845	0.00000000000000000000
 689		 20458	Not Found	0.00000000000000000000
 690		  1328	Not Found	0.00000000000000000000
 691		 11932	  4149	0.00000000000000000000
 692		 18768	Not Found	0.00000000000000000000
 693		  7226	Not Found	0.00000000000000000000
 694		 17055	Not Found	0.00000000000000000000
 695		  6517	Not Found	0.00000000000000000000
 696		   143	   291	0.00000000000000000000
 697		 27484	Not Found	0.00000000000000000000
 698		 25041	Not Found	0.00000000000000000000
 699		 21583	 12856	0.00000000000000000000
 700		 19442	Not Found	0.00000000000000000000
 701		 17832	Not Found	0.00000000000000000000
 702		  3286	  4148	0.00000000000000000000
 703		 22475	Not Found	0.00000000000000000000
 704		  7458	  4362	0.00000000000000000000
 705		   876	  2911	0.00000000000000000000
 706		  1392	  4805	0.00000000000000000000
 707		 11854	 10870	0.00000000000000000000
 708		 19841	Not Found	0.00000000000000000000
 709		   371	Not Found	0.00000000000000000000
 710		  1260	  5124	0.00000000000000000000
 711		 17669	  5563	0.00000000000000000000
 712		 15131	  4385	0.00000000000000000000
 713		 15627	Not Found	0.00000000000000000000
 714		 15827	  7712	0.00000000000000000000
 715		 20006	Not Found	0.00000000000000000000
 716		 12762	Not Found	0.00000000000000000000
 717		  8870	 11328	0.00000000000000000000
 718		 11963	 11805	0.00000000000000000000
 719		  6265	Not Found	0.00000000000000000000
 720		  1945	 11426	0.00000000000000000000
 721		  1857	  4681	0.00000000000000000000
 722		 14915	 10449	0.00000000000000000000
 723		    24	 12851	0.00000000000000000000
 724		  3930	 10422	0.00000000000000000000
 725		  7268	Not Found	0.00000000000000000000
 726		 15584	Not Found	0.00000000000000000000
 727		 23667	  9838	0.00000000000000000000
 728		 15452	Not Found	0.00000000000000000000
 729		 23466	Not Found	0.00000000000000000000
 730		  4049	Not Found	0.00000000000000000000
 731		  3990	Not Found	0.00000000000000000000
 732		  1095	  7239	0.00000000000000000000
 733		 12322	Not Found	0.00000000000000000000
 734		  7417	Not Found	0.00000000000000000000
 735		  6831	   771	0.00000000000000000000
 736		 21643	 10553	0.00000000000000000000
 737		 20212	Not Found	0.00000000000000000000
 738		 25838	 13758	0.00000000000000000000
 739		 23498	Not Found	0.00000000000000000000
 740		 13192	Not Found	0.00000000000000000000
 741		   840	  3604	0.00000000000000000000
 742		 11086	  8731	0.00000000000000000000
 743		 22752	Not Found	0.00000000000000000000
 744		 23790	 10229	0.00000000000000000000
 745		  1027	 12527	0.00000000000000000000
 746		 15698	Not Found	0.00000000000000000000
 747		 15376	Not Found	0.00000000000000000000
 748		 23785	 11637	0.00000000000000000000
 749		  5395	Not Found	0.00000000000000000000
 750		  1701	Not Found	0.00000000000000000000
 751		 25900	Not Found	0.00000000000000000000
 752		 27541	Not Found	0.00000000000000000000
 753		  4590	  2414	0.00000000000000000000
 754		 26742	 12486	0.00000000000000000000
 755		 13431	Not Found	0.00000000000000000000
 756		  7352	  5010	0.00000000000000000000
 757		  5910	Not Found	0.00000000000000000000
 758		  1740	Not Found	0.00000000000000000000
 759		  1357	  2096	0.00000000000000000000
 760		 14256	 10254	0.00000000000000000000
 761		 24991	Not Found	0.00000000000000000000
 762		    25	   959	0.00000000000000000000
 763		  3300	Not Found	0.00000000000000000000
 764		 19370	Not Found	0.00000000000000000000
 765		  5556	Not Found	0.00000000000000000000
 766		 17171	Not Found	0.00000000000000000000
 767		  1522	Not Found	0.00000000000000000000
 768		 21525	  6147	0.00000000000000000000
 769		  4343	  3308	0.00000000000000000000
 770		  2399	  3865	0.00000000000000000000
 771		 18543	  6575	0.00000000000000000000
 772		   343	  5238	0.00000000000000000000
 773		   840	  3604	0.00000000000000000000
 774		 10446	Not Found	0.00000000000000000000
 775		 12668	Not Found	0.00000000000000000000
 776		  3166	 13837	0.00000000000000000000
 777		 22792	Not Found	0.00000000000000000000
 778		 13869	Not Found	0.00000000000000000000
 779		  1060	Not Found	0.00000000000000000000
 780		  9913	Not Found	0.00000000000000000000
 781		  9085	  8201	0.00000000000000000000
 782		  8664	  8632	0.00000000000000000000
 783		  8770	Not Found	0.00000000000000000000
 784		 25160	 11608	0.00000000000000000000
 785		   856	  1651	0.00000000000000000000
 786		 19951	  5714	0.00000000000000000000
 787		 12611	Not Found	0.00000000000000000000
 788		  6321	Not Found	0.00000000000000000000
 789		 24086	 11749	0.00000000000000000000
 790		 19211	Not Found	0.00000000000000000000
 791		  3789	   474	0.00000000000000000000
 792		 12917	Not Found	0.00000000000000000000
 793		 23941	Not Found	0.00000000000000000000
 794		 12754	  3792	0.00000000000000000000
 795		 14048	Not Found	0.00000000000000000000
 796		 23170	 10939	0.00000000000000000000
 797		 27944	Not Found	0.00000000000000000000
 798		 15049	  1974	0.00000000000000000000
 799		  1693	 13137	0.00000000000000000000
 800		  1866	   607	0.00000000000000000000
 801		  9947	Not Found	0.00000000000000000000
 802		  2154	 13872	0.00000000000000000000
 803		  1636	  3213	0.00000000000000000000
 804		 22612	Not Found	0.00000000000000000000
 805		  1370	  5283	0.00000000000000000000
 806		 22391	Not Found	0.00000000000000000000
 807		 10466	  1941	0.00000000000000000000
 808		  9073	Not Found	0.00000000000000000000
 809		 24128	   613	0.00000000000000000000
 810		  2445	Not Found	0.00000000000000000000
 811		  8938	Not Found	0.00000000000000000000
 812		 14770	Not Found	0.00000000000000000000
 813		   332	  5344	0.00000000000000000000
 814		 15868	  2893	0.00000000000000000000
 815		 14019	  3899	0.00000000000000000000
 816		 17400	  3773	0.00000000000000000000
 817		  1353	  5902	0.00000000000000000000
 818		 27862	Not Found	0.00000000000000000000
 819		  4099	  7149	0.00000000000000000000
 820		 17421	Not Found	0.00000000000000000000
 821		  5933	   216	0.00000000000000000000
 822		 14406	Not Found	0.00000000000000000000
 823		  3323	Not Found	0.00000000000000000000
 824		  4241	  2907	0.00000000000000000000
 825		 17314	Not Found	0.00000000000000000000
 826		 26659	Not Found	0.00000000000000000000
 827		  7155	  5474	0.00000000000000000000
 828		 19767	Not Found	0.00000000000000000000
 829		   324	 11053	0.00000000000000000000
 830		 17349	Not Found	0.00000000000000000000
 831		  4182	Not Found	0.00000000000000000000
 832		 13105	Not Found	0.00000000000000000000
 833		  1130	  7306	0.00000000000000000000
 834		 15896	Not Found	0.00000000000000000000
 835		  4434	 12306	0.00000000000000000000
 836		 15848	Not Found	0.00000000000000000000
 837		  6472	Not Found	0.00000000000000000000
 838		 10222	Not Found	0.00000000000000000000
 839		  3353	  6489	0.00000000000000000000
 840		  4081	  9611	0.00000000000000000000
 841		  4596	Not Found	0.00000000000000000000
 842		 23706	 10737	0.00000000000000000000
 843		 18667	  1795	0.00000000000000000000
 844		  9276	  5471	0.00000000000000000000
 845		 27496	Not Found	0.00000000000000000000
 846		  7354	Not Found	0.00000000000000000000
 847		  4184	Not Found	0.00000000000000000000
 848		  8079	Not Found	0.00000000000000000000
 849		 16519	   277	0.00000000000000000000
 850		  2900	  6778	0.00000000000000000000
 851		  7744	Not Found	0.00000000000000000000
 852		 22067	Not Found	0.00000000000000000000
 853		 15395	Not Found	0.00000000000000000000
 854		   293	  5693	0.00000000000000000000
 855		 11549	Not Found	0.00000000000000000000
 856		 23022	Not Found	0.00000000000000000000
 857		  7231	Not Found	0.00000000000000000000
 858		 10805	 10897	0.00000000000000000000
 859		 13316	  3175	0.00000000000000000000
 860		  9265	Not Found	0.00000000000000000000
 861		   881	  5533	0.00000000000000000000
 862		  8623	Not Found	0.00000000000000000000
 863		 16456	Not Found	0.00000000000000000000
 864		 12433	Not Found	0.00000000000000000000
 865		  7274	Not Found	0.00000000000000000000
 866		  4752	Not Found	0.00000000000000000000
 867		  2207	Not Found	0.00000000000000000000
 868		  7035	   341	0.00000000000000000000
 869		 18456	Not Found	0.00000000000000000000
 870		  3806	Not Found	0.00000000000000000000
 871		  8233	Not Found	0.00000000000000000000
 872		  6436	Not Found	0.00000000000000000000
 873		 20108	   830	0.00000000000000000000
 874		  6267	Not Found	0.00000000000000000000
 875		 23214	Not Found	0.00000000000000000000
 876		 22720	Not Found	0.00000000000000000000
 877		 25208	   143	0.00000000000000000000
 878		   954	Not Found	0.00000000000000000000
 879		 17960	  1882	0.00000000000000000000
 880		 10228	Not Found	0.00000000000000000000
 881		  1755	Not Found	0.00000000000000000000
 882		 13201	Not Found	0.00000000000000000000
 883		 23937	Not Found	0.00000000000000000000
 884		 27277	Not Found	0.00000000000000000000
 885		  6848	Not Found	0.00000000000000000000
 886		 23631	Not Found	0.00000000000000000000
 887		 22685	Not Found	0.00000000000000000000
 888		 14962	Not Found	0.00000000000000000000
 889		   931	  9066	0.00000000000000000000
 890		 17200	Not Found	0.00000000000000000000
 891		 15771	Not Found	0.00000000000000000000
 892		 17367	  7810	0.00000000000000000000
 893		 11926	  2239	0.00000000000000000000
 894		  7214	Not Found	0.00000000000000000000
 895		  5976	Not Found	0.00000000000000000000
 896		 12724	Not Found	0.00000000000000000000
 897		  2724	  8426	0.00000000000000000000
 898		  3259	Not Found	0.00000000000000000000
 899		  2005	 10396	0.00000000000000000000
 900		 15990	  1260	0.00000000000000000000
 901		 14068	  5030	0.00000000000000000000
 902		  1261	  7246	0.00000000000000000000
 903		  6171	Not Found	0.00000000000000000000
 904		 15604	  3667	0.00000000000000000000
 905		  1231	  8823	0.00000000000000000000
 906		 27225	Not Found	0.00000000000000000000
 907		   860	 13096	0.00000000000000000000
 908		 11684	Not Found	0.00000000000000000000
 909		   837	Not Found	0.00000000000000000000
 910		 15523	Not Found	0.00000000000000000000
 911		 21275	Not Found	0.00000000000000000000
 912		 13327	Not Found	0.00000000000000000000
 913		 10509	Not Found	0.00000000000000000000
 914		 13236	Not Found	0.00000000000000000000
 915		   846	  3408	0.00000000000000000000
 916		   130	  3451	0.00000000000000000000
 917		 21708	 13394	0.00000000000000000000
 918		  1133	Not Found	0.00000000000000000000
 919		  4642	Not Found	0.00000000000000000000
 920		   519	Not Found	0.00000000000000000000
 921		 10776	Not Found	0.00000000000000000000
 922		 16955	Not Found	0.00000000000000000000
 923		 11073	Not Found	0.00000000000000000000
 924		  1843	Not Found	0.00000000000000000000
 925		   349	  9896	0.00000000000000000000
 926		  4491	  2743	0.00000000000000000000
 927		 16368	Not Found	0.00000000000000000000
 928		  8065	 11562	0.00000000000000000000
 929		 27103	  9479	0.00000000000000000000
 930		  7360	Not Found	0.00000000000000000000
 931		  9884	  1041	0.00000000000000000000
 932		 22591	Not Found	0.00000000000000000000
 933		  1090	Not Found	0.00000000000000000000
 934		  1731	   148	0.00000000000000000000
 935		  7926	Not Found	0.00000000000000000000
 936		  7496	Not Found	0.00000000000000000000
 937		  9351	  4941	0.00000000000000000000
 938		 17243	  8815	0.00000000000000000000
 939		 22427	Not Found	0.00000000000000000000
 940		 23890	Not Found	0.00000000000000000000
 941		  1719	  5518	0.00000000000000000000
 942		  5405	Not Found	0.00000000000000000000
 943		 23449	Not Found	0.00000000000000000000
 944		 16072	  5574	0.00000000000000000000
 945		  3652	  4674	0.00000000000000000000
 946		  7653	Not Found	0.00000000000000000000
 947		  3023	Not Found	0.00000000000000000000
 948		  3610	Not Found	0.00000000000000000000
 949		 24590	Not Found	0.00000000000000000000
 950		 14374	Not Found	0.00000000000000000000
 951		  1493	Not Found	0.00000000000000000000
 952		  9364	Not Found	0.00000000000000000000
 953		 21476	Not Found	0.00000000000000000000
 954		  3358	 11966	0.00000000000000000000
 955		  9084	Not Found	0.00000000000000000000
 956		 25292	Not Found	0.00000000000000000000
 957		  1004	 10075	0.00000000000000000000
 958		  6542	Not Found	0.00000000000000000000
 959		 27415	  4382	0.00000000000000000000
 960		  1760	  2642	0.00000000000000000000
 961		 27461	Not Found	0.00000000000000000000
 962		  7176	Not Found	0.00000000000000000000
 963		  8282	Not Found	0.00000000000000000000
 964		  4320	  2421	0.00000000000000000000
 965		 22506	Not Found	0.00000000000000000000
 966		  5385	  4556	0.00000000000000000000
 967		 21186	Not Found	0.00000000000000000000
 968		     7	Not Found	0.00000000000000000000
 969		 13274	Not Found	0.00000000000000000000
 970		 22698	Not Found	0.00000000000000000000
 971		  4053	Not Found	0.00000000000000000000
 972		  1584	  2652	0.00000000000000000000
 973		 26998	Not Found	0.00000000000000000000
 974		 24274	Not Found	0.00000000000000000000
 975		  2731	   279	0.00000000000000000000
 976		 26375	Not Found	0.00000000000000000000
 977		 26410	  2131	0.00000000000000000000
 978		 18510	  3652	0.00000000000000000000
 979		 23725	Not Found	0.00000000000000000000
 980		  8925	  8367	0.00000000000000000000
 981		  1615	  1895	0.00000000000000000000
 982		 14883	  6918	0.00000000000000000000
 983		 17309	Not Found	0.00000000000000000000
 984		 14848	Not Found	0.00000000000000000000
 985		 22864	Not Found	0.00000000000000000000
 986		   802	  9927	0.00000000000000000000
 987		   215	Not Found	0.00000000000000000000
 988		  7915	Not Found	0.00000000000000000000
 989		  9484	Not Found	0.00000000000000000000
 990		 16318	  7555	0.00000000000000000000
 991		 15830	Not Found	0.00000000000000000000
 992		  6329	Not Found	0.00000000000000000000
 993		  2428	Not Found	0.00000000000000000000
 994		   699	  1832	0.00000000000000000000
 995		  6649	Not Found	0.00000000000000000000
 996		 10720	Not Found	0.00000000000000000000
 997		  7574	  3573	0.00000000000000000000
 998		 13415	Not Found	0.00000000000000000000
 999		 17799	Not Found	0.00000000000000000000
1000		 20251	Not Found	0.00000000000000000000
