LINEAR SEARCH ANALYSIS
Array Size = 6000
-------------------------------------------
Iteration	Key	Index	Time (sec)
-------------------------------------------
   1		  1790	  3895	0.00000000000000000000
   2		 11927	Not Found	0.00000000000000000000
   3		  3706	Not Found	0.00000000000000000000
   4		    24	  4388	0.00000000000000000000
   5		   573	Not Found	0.00000000000000000000
   6		  6661	   401	0.00000000000000000000
   7		  6709	Not Found	0.00000000000000000000
   8		  7293	Not Found	0.00000000000000000000
   9		  9228	Not Found	0.00000000000000000000
  10		 11904	Not Found	0.00000000000000000000
  11		  4049	  3755	0.00000000000000000000
  12		   773	Not Found	0.00000000000000000000
  13		   931	Not Found	0.00000000000000000000
  14		  3054	Not Found	0.00000000000000000000
  15		   970	   576	0.00000000000000000000
  16		  5898	Not Found	0.00000000000000000000
  17		  3652	  4234	0.00000000000000000000
  18		  7324	   668	0.00000000000000000000
  19		  6864	Not Found	0.00000000000000000000
  20		  8236	Not Found	0.00000000000000000000
  21		  4446	  2162	0.00000000000000000000
  22		  5867	  4171	0.00000000000000000000
  23		  3243	  1134	0.00000000000000000000
  24		  7526	Not Found	0.00000000000000000000
  25		  3537	  3511	0.00000000000000000000
  26		  3626	Not Found	0.00000000000000000000
  27		  3868	Not Found	0.00000000000000000000
  28		  5665	Not Found	0.00000000000000000000
  29		 10356	Not Found	0.00000000000000000000
  30		  2410	Not Found	0.00000000000000000000
  31		  7430	  1797	0.00000000000000000000
  32		  8327	     1	0.00000000000000000000
  33		  1012	Not Found	0.00000000000000000000
  34		  1006	Not Found	0.00000000000000000000
  35		  3821	Not Found	0.00000000000000000000
  36		  4251	Not Found	0.00000000000000000000
  37		   478	Not Found	0.00000000000000000000
  38		  3361	  2022	0.00000000000000000000
  39		    62	Not Found	0.00000000000000000000
  40		  7367	Not Found	0.00000000000000000000
  41		  2943	  3176	0.00000000000000000000
  42		  3149	Not Found	0.00000000000000000000
  43		  5423	Not Found	0.00000000000000000000
  44		  9558	Not Found	0.00000000000000000000
  45		  8074	  2005	0.00000000000000000000
  46		  6921	Not Found	0.00000000000000000000
  47		   872	  1008	0.00000000000000000000
  48		  8099	Not Found	0.00000000000000000000
  49		  8506	  4628	0.00000000000000000000
  50		  7442	Not Found	0.00000000000000000000
  51		  4515	  1086	0.00000000000000000000
  52		  3121	  4700	0.00000000000000000000
  53		  5048	Not Found	0.00000000000000000000
  54		  1694	  1639	0.00000000000000000000
  55		 10799	  4662	0.00000000000000000000
  56		   861	Not Found	0.00000000000000000000
  57		  3550	Not Found	0.00000000000000000000
  58		  1133	   142	0.00000000000000000000
  59		  7003	Not Found	0.00000000000000000000
  60		  3377	Not Found	0.00000000000000000000
  61		  6237	Not Found	0.00000000000000000000
  62		  4577	Not Found	0.00000000000000000000
  63		   753	Not Found	0.00000000000000000000
  64		 10395	  5892	0.00000000000000000000
  65		  4508	Not Found	0.00000000000000000000
  66		 10031	Not Found	0.00000000000000000000
  67		   417	  1458	0.00000000000000000000
  68		  5149	  4797	0.00000000000000000000
  69		  3106	  1171	0.00000000000000000000
  70		  7221	Not Found	0.00000000000000000000
  71		 10880	Not Found	0.00000000000000000000
  72		  1605	   740	0.00000000000000000000
  73		   951	  1513	0.00000000000000000000
  74		  1327	Not Found	0.00000000000000000000
  75		  6864	Not Found	0.00000000000000000000
  76		  6304	Not Found	0.00000000000000000000
  77		  5158	Not Found	0.00000000000000000000
  78		  9189	  3033	0.00000000000000000000
  79		  1218	   411	0.00000000000000000000
  80		   811	  4049	0.00000000000000000000
  81		   773	Not Found	0.00000000000000000000
  82		  4648	Not Found	0.00000000000000000000
  83		  6937	Not Found	0.00000000000000000000
  84		  3434	  3397	0.00000000000000000000
  85		  2584	  5264	0.00000000000000000000
  86		 10909	   837	0.00000000000000000000
  87		   689	  4426	0.00000000000000000000
  88		  1852	Not Found	0.00000000000000000000
  89		  5395	   583	0.00000000000000000000
  90		  2744	  1799	0.00000000000000000000
  91		   864	Not Found	0.00000000000000000000
  92		 10095	Not Found	0.00000000000000000000
  93		  3870	Not Found	0.00000000000000000000
  94		  8877	Not Found	0.00000000000000000000
  95		  9340	Not Found	0.00000000000000000000
  96		  7376	Not Found	0.00000000000000000000
  97		  1758	  2357	0.00000000000000000000
  98		  5826	   776	0.00000000000000000000
  99		  8445	   658	0.00000000000000000000
 100		  5286	  1725	0.00000000000000000000
 101		  6641	  2347	0.00000000000000000000
 102		  1417	Not Found	0.00000000000000000000
 103		  4131	Not Found	0.00000000000000000000
 104		  7296	  2773	0.00000000000000000000
 105		  3418	Not Found	0.00000000000000000000
 106		  3981	  4522	0.00000000000000000000
 107		  1787	  2878	0.00000000000000000000
 108		  4651	Not Found	0.00000000000000000000
 109		  4223	  1972	0.00000000000000000000
 110		  5003	Not Found	0.00000000000000000000
 111		 11839	Not Found	0.00000000000000000000
 112		  1032	   184	0.00000000000000000000
 113		  9647	Not Found	0.00000000000000000000
 114		  7236	Not Found	0.00000000000000000000
 115		  6204	Not Found	0.00000000000000000000
 116		  3774	Not Found	0.00000000000000000000
 117		  1607	   470	0.00000000000000000000
 118		  7279	Not Found	0.00000000000000000000
 119		   728	Not Found	0.00000000000000000000
 120		 10476	  1329	0.00000000000000000000
 121		  5335	Not Found	0.00000000000000000000
 122		  7092	Not Found	0.00000000000000000000
 123		 10675	  4254	0.00000000000000000000
 124		  8642	Not Found	0.00000000000000000000
 125		  8513	  2590	0.00000000000000000000
 126		  2198	  3041	0.00000000000000000000
 127		  5485	Not Found	0.00000000000000000000
 128		  3344	Not Found	0.00000000000000000000
 129		  9057	  2470	0.00000000000000000000
 130		  8625	Not Found	0.00000000000000000000
 131		 11401	  1256	0.00000000000000000000
 132		  2366	Not Found	0.00000000000000000000
 133		 10003	Not Found	0.00000000000000000000
 134		   612	Not Found	0.00000000000000000000
 135		 10480	Not Found	0.00000000000000000000
 136		  7102	  2324	0.00000000000000000000
 137		  5937	   378	0.00000000000000000000
 138		  4368	  4989	0.00000000000000000000
 139		  5689	Not Found	0.00000000000000000000
 140		  7839	Not Found	0.00000000000000000000
 141		   508	  3728	0.00000000000000000000
 142		  2531	  1147	0.00000000000000000000
 143		  1191	  2335	0.00000000000000000000
 144		  7748	Not Found	0.00000000000000000000
 145		  4830	Not Found	0.00000000000000000000
 146		  2606	  4380	0.00000000000000000000
 147		  1235	Not Found	0.00000000000000000000
 148		  2644	Not Found	0.00000000000000000000
 149		  7406	Not Found	0.00000000000000000000
 150		 10365	  1945	0.00000000000000000000
 151		  8428	  5784	0.00000000000000000000
 152		 11923	Not Found	0.00000000000000000000
 153		  4755	  1179	0.00000000000000000000
 154		 11752	Not Found	0.00000000000000000000
 155		  6205	Not Found	0.00000000000000000000
 156		  1905	  2364	0.00000000000000000000
 157		  2156	Not Found	0.00000000000000000000
 158		  5221	Not Found	0.00000000000000000000
 159		  4110	Not Found	0.00000000000000000000
 160		  7426	Not Found	0.00000000000000000000
 161		  2127	   696	0.00000000000000000000
 162		 11297	Not Found	0.00000000000000000000
 163		  6093	Not Found	0.00000000000000000000
 164		  8622	Not Found	0.00000000000000000000
 165		  4080	  2986	0.00000000000000000000
 166		  5263	Not Found	0.00000000000000000000
 167		   750	  3154	0.00000000000000000000
 168		  3977	Not Found	0.00000000000000000000
 169		  3684	Not Found	0.00000000000000000000
 170		  7616	Not Found	0.00000000000000000000
 171		 11376	  3714	0.00000000000000000000
 172		  9637	Not Found	0.00000000000000000000
 173		  7527	Not Found	0.00000000000000000000
 174		  5428	Not Found	0.00000000000000000000
 175		   195	Not Found	0.00000000000000000000
 176		  5158	Not Found	0.00000000000000000000
 177		  4987	Not Found	0.00000000000000000000
 178		  1103	  4373	0.00000000000000000000
 179		  4263	Not Found	0.00000000000000000000
 180		  1078	Not Found	0.00000000000000000000
 181		 10771	Not Found	0.00000000000000000000
 182		  1519	Not Found	0.00000000000000000000
 183		   694	Not Found	0.00000000000000000000
 184		  3835	Not Found	0.00000000000000000000
 185		  4623	  3466	0.00000000000000000000
 186		  2173	Not Found	0.00000000000000000000
 187		  9765	  2368	0.00000000000000000000
 188		  6374	Not Found	0.00000000000000000000
 189		  9064	   453	0.00000000000000000000
 190		  6882	Not Found	0.00000000000000000000
 191		 10598	Not Found	0.00000000000000000000
 192		  2893	Not Found	0.00000000000000000000
 193		 10734	Not Found	0.00000000000000000000
 194		   124	Not Found	0.00000000000000000000
 195		  2642	Not Found	0.00000000000000000000
 196		  1884	  2491	0.00000000000000000000
 197		  3567	  2801	0.00000000000000000000
 198		  8082	   466	0.00000000000000000000
 199		  4997	Not Found	0.00000000000000000000
 200		  4551	  2331	0.00000000000000000000
 201		  5723	   507	0.00000000000000000000
 202		  3492	Not Found	0.00000000000000000000
 203		 10667	  1433	0.00000000000000000000
 204		  4483	Not Found	0.00000000000000000000
 205		  3526	Not Found	0.00000000000000000000
 206		  3142	Not Found	0.00000000000000000000
 207		  9466	Not Found	0.00000000000000000000
 208		  5142	Not Found	0.00000000000000000000
 209		  2062	    35	0.00000000000000000000
 210		  4175	Not Found	0.00000000000000000000
 211		  2527	Not Found	0.00000000000000000000
 212		  1707	Not Found	0.00000000000000000000
 213		  3230	Not Found	0.00000000000000000000
 214		  5580	  2082	0.00000000000000000000
 215		  4893	  4813	0.00000000000000000000
 216		  1834	  1908	0.00000000000000000000
 217		  4562	  3631	0.00000000000000000000
 218		  5210	   400	0.00000000000000000000
 219		  8979	Not Found	0.00000000000000000000
 220		 10600	Not Found	0.00000000000000000000
 221		  6236	Not Found	0.00000000000000000000
 222		  3605	  1895	0.00000000000000000000
 223		    30	  1693	0.00000000000000000000
 224		 11771	  1845	0.00000000000000000000
 225		    71	Not Found	0.00000000000000000000
 226		  9258	  2317	0.00000000000000000000
 227		  3711	   960	0.00000000000000000000
 228		  3121	  4700	0.00000000000000000000
 229		   825	  1961	0.00000000000000000000
 230		 11572	Not Found	0.00000000000000000000
 231		  3134	Not Found	0.00000000000000000000
 232		  7138	Not Found	0.00000000000000000000
 233		  8702	Not Found	0.00000000000000000000
 234		  4709	Not Found	0.00000000000000000000
 235		 10991	Not Found	0.00000000000000000000
 236		  1346	Not Found	0.00000000000000000000
 237		   258	Not Found	0.00000000000000000000
 238		 10146	Not Found	0.00000000000000000000
 239		  9012	  2570	0.00000000000000000000
 240		 10332	Not Found	0.00000000000000000000
 241		  4191	  1286	0.00000000000000000000
 242		  8981	Not Found	0.00000000000000000000
 243		  2115	Not Found	0.00000000000000000000
 244		  8763	Not Found	0.00000000000000000000
 245		  4281	Not Found	0.00000000000000000000
 246		  2717	Not Found	0.00000000000000000000
 247		  6089	  5049	0.00000000000000000000
 248		  1226	Not Found	0.00000000000000000000
 249		   550	   573	0.00000000000000000000
 250		  8360	Not Found	0.00000000000000000000
 251		  4783	  5469	0.00000000000000000000
 252		  1503	Not Found	0.00000000000000000000
 253		 10642	Not Found	0.00000000000000000000
 254		  3908	Not Found	0.00000000000000000000
 255		  7645	  1586	0.00000000000000000000
 256		  2995	Not Found	0.00000000000000000000
 257		  3681	Not Found	0.00000000000000000000
 258		 11795	  1899	0.00000000000000000000
 259		 10044	Not Found	0.00000000000000000000
 260		  8598	   331	0.00000000000000000000
 261		  3254	   985	0.00000000000000000000
 262		  7261	Not Found	0.00000000000000000000
 263		  7072	Not Found	0.00000000000000000000
 264		  4032	Not Found	0.00000000000000000000
 265		  7924	Not Found	0.00000000000000000000
 266		  9546	Not Found	0.00000000000000000000
 267		  6790	   482	0.00000000000000000000
 268		  2027	  4108	0.00000000000000000000
 269		  4675	Not Found	0.00000000000000000000
 270		  5936	  1597	0.00000000000000000000
 271		  8537	Not Found	0.00000000000000000000
 272		  3039	Not Found	0.00000000000000000000
 273		  7094	  2165	0.00000000000000000000
 274		  7017	Not Found	0.00000000000000000000
 275		  4891	  2690	0.00000000000000000000
 276		 10542	Not Found	0.00000000000000000000
 277		   458	Not Found	0.00000000000000000000
 278		 11049	   758	0.00000000000000000000
 279		  7971	Not Found	0.00000000000000000000
 280		  3298	Not Found	0.00000000000000000000
 281		  5681	  4333	0.00000000000000000000
 282		  1295	  4186	0.00000000000000000000
 283		  5890	Not Found	0.00000000000000000000
 284		  1299	   958	0.00000000000000000000
 285		  9520	Not Found	0.00000000000000000000
 286		  6266	  4479	0.00000000000000000000
 287		    75	  3637	0.00000000000000000000
 288		  5021	Not Found	0.00000000000000000000
 289		  3462	  5865	0.00000000000000000000
 290		  4702	Not Found	0.00000000000000000000
 291		  9394	   813	0.00000000000000000000
 292		  1873	Not Found	0.00000000000000000000
 293		  6990	Not Found	0.00000000000000000000
 294		  2934	Not Found	0.00000000000000000000
 295		 11347	   419	0.00000000000000000000
 296		  2283	   688	0.00000000000000000000
 297		  7046	Not Found	0.00000000000000000000
 298		  8764	Not Found	0.00000000000000000000
 299		  5815	Not Found	0.00000000000000000000
 300		  3461	  1652	0.00000000000000000000
 301		  2769	   526	0.00000000000000000000
 302		  7031	    28	0.00000000000000000000
 303		 11442	  1970	0.00000000000000000000
 304		 10794	Not Found	0.00000000000000000000
 305		  2842	  3227	0.00000000000000000000
 306		  7189	Not Found	0.00000000000000000000
 307		  2032	Not Found	0.00000000000000000000
 308		  5708	Not Found	0.00000000000000000000
 309		  9499	  4668	0.00000000000000000000
 310		  4025	  5907	0.00000000000000000000
 311		  1458	Not Found	0.00000000000000000000
 312		  9786	Not Found	0.00000000000000000000
 313		  2172	Not Found	0.00000000000000000000
 314		   790	Not Found	0.00000000000000000000
 315		   627	Not Found	0.00000000000000000000
 316		  6572	  4124	0.00000000000000000000
 317		  6079	Not Found	0.00000000000000000000
 318		  9245	  3749	0.00000000000000000000
 319		  8720	Not Found	0.00000000000000000000
 320		  5217	Not Found	0.00000000000000000000
 321		  7196	Not Found	0.00000000000000000000
 322		  8819	Not Found	0.00000000000000000000
 323		  8360	Not Found	0.00000000000000000000
 324		  3180	Not Found	0.00000000000000000000
 325		  5673	   348	0.00000000000000000000
 326		  7399	  3838	0.00000000000000000000
 327		  4192	  4758	0.00000000000000000000
 328		  7082	Not Found	0.00000000000000000000
 329		  6076	Not Found	0.00000000000000000000
 330		  8226	Not Found	0.00000000000000000000
 331		  1898	Not Found	0.00000000000000000000
 332		  1879	  3229	0.00000000000000000000
 333		  8500	  1531	0.00000000000000000000
 334		  6976	Not Found	0.00000000000000000000
 335		  9286	Not Found	0.00000000000000000000
 336		 10338	Not Found	0.00000000000000000000
 337		  9396	Not Found	0.00000000000000000000
 338		  5342	Not Found	0.00000000000000000000
 339		  6793	  3600	0.00000000000000000000
 340		  4222	Not Found	0.00000000000000000000
 341		  7410	  5490	0.00000000000000000000
 342		 10581	  1429	0.00000000000000000000
 343		  4862	  2181	0.00000000000000000000
 344		  4410	Not Found	0.00000000000000000000
 345		  1359	Not Found	0.00000000000000000000
 346		  1798	  4119	0.00000000000000000000
 347		  6795	Not Found	0.00000000000000000000
 348		  9970	  5482	0.00000000000000000000
 349		  9799	Not Found	0.00000000000000000000
 350		  1365	Not Found	0.00000000000000000000
 351		  2837	  3975	0.00000000000000000000
 352		  8935	Not Found	0.00000000000000000000
 353		 10252	Not Found	0.00000000000000000000
 354		  4699	Not Found	0.00000000000000000000
 355		   550	   573	0.00000000000000000000
 356		  2510	Not Found	0.00000000000000000000
 357		  3374	  4778	0.00000000000000000000
 358		  3255	Not Found	0.00000000000000000000
 359		   302	Not Found	0.00000000000000000000
 360		  2373	  2464	0.00000000000000000000
 361		  6910	  1779	0.00000000000000000000
 362		  7205	Not Found	0.00000000000000000000
 363		  5415	Not Found	0.00000000000000000000
 364		 10347	Not Found	0.00000000000000000000
 365		  9331	Not Found	0.00000000000000000000
 366		  3570	  4157	0.00000000000000000000
 367		  2558	Not Found	0.00000000000000000000
 368		  8400	Not Found	0.00000000000000000000
 369		 10604	Not Found	0.00000000000000000000
 370		   431	  1231	0.00000000000000000000
 371		  4207	Not Found	0.00000000000000000000
 372		  2410	Not Found	0.00000000000000000000
 373		  1399	Not Found	0.00000000000000000000
 374		  6212	   359	0.00000000000000000000
 375		  2960	Not Found	0.00000000000000000000
 376		  1801	Not Found	0.00000000000000000000
 377		  2162	Not Found	0.00000000000000000000
 378		  4678	Not Found	0.00000000000000000000
 379		  6577	Not Found	0.00000000000000000000
 380		  5742	Not Found	0.00000000000000000000
 381		 10128	   352	0.00000000000000000000
 382		 10476	  1329	0.00000000000000000000
 383		  5377	  1692	0.00000000000000000000
 384		  6744	  4912	0.00000000000000000000
 385		  6654	Not Found	0.00000000000000000000
 386		  3230	Not Found	0.00000000000000000000
 387		  3957	   764	0.00000000000000000000
 388		  8990	Not Found	0.00000000000000000000
 389		   742	Not Found	0.00000000000000000000
 390		  1359	Not Found	0.00000000000000000000
 391		  5765	   341	0.00000000000000000000
 392		  5316	  5943	0.00000000000000000000
 393		  7796	  5854	0.00000000000000000000
 394		 10381	  1645	0.00000000000000000000
 395		 10519	Not Found	0.00000000000000000000
 396		  4296	  1658	0.00000000000000000000
 397		  5463	Not Found	0.00000000000000000000
 398		  4406	Not Found	0.00000000000000000000
 399		   673	  2948	0.00000000000000000000
 400		  9852	Not Found	0.00000000000000000000
 401		  5130	  1387	0.00000000000000000000
 402		  5582	Not Found	0.00000000000000000000
 403		  7849	Not Found	0.00000000000000000000
 404		  1433	  5509	0.00000000000000000000
 405		  7252	Not Found	0.00000000000000000000
 406		  6670	  4142	0.00000000000000000000
 407		  7918	   634	0.00000000000000000000
 408		  4113	Not Found	0.00000000000000000000
 409		  7693	Not Found	0.00000000000000000000
 410		  9663	Not Found	0.00000000000000000000
 411		  8397	Not Found	0.00000000000000000000
 412		  1734	Not Found	0.00000000000000000000
 413		  9250	  2887	0.00000000000000000000
 414		 11911	Not Found	0.00000000000000000000
 415		  5757	  2733	0.00000000000000000000
 416		  1658	Not Found	0.00000000000000000000
 417		 10778	Not Found	0.00000000000000000000
 418		  2243	Not Found	0.00000000000000000000
 419		  6044	  5124	0.00000000000000000000
 420		  3814	  1992	0.00000000000000000000
 421		  5625	Not Found	0.00000000000000000000
 422		  7126	  5265	0.00000000000000000000
 423		  2829	Not Found	0.00000000000000000000
 424		  3983	Not Found	0.00000000000000000000
 425		  8869	Not Found	0.00000000000000000000
 426		 10305	  5919	0.00000000000000000000
 427		  6210	Not Found	0.00000000000000000000
 428		  6454	Not Found	0.00000000000000000000
 429		  9832	  5679	0.00000000000000000000
 430		  2868	  3387	0.00000000000000000000
 431		  3511	   512	0.00000000000000000000
 432		  3854	Not Found	0.00000000000000000000
 433		  2294	Not Found	0.00000000000000000000
 434		  1027	  1664	0.00000000000000000000
 435		  2143	Not Found	0.00000000000000000000
 436		  7283	Not Found	0.00000000000000000000
 437		   879	Not Found	0.00000000000000000000
 438		  7964	Not Found	0.00000000000000000000
 439		 10371	   712	0.00000000000000000000
 440		  5177	  2475	0.00000000000000000000
 441		  9575	Not Found	0.00000000000000000000
 442		  7160	  2933	0.00000000000000000000
 443		  3527	Not Found	0.00000000000000000000
 444		  5091	  2858	0.00000000000000000000
 445		  6852	Not Found	0.00000000000000000000
 446		  2801	Not Found	0.00000000000000000000
 447		  3247	   467	0.00000000000000000000
 448		  5910	Not Found	0.00000000000000000000
 449		  6120	Not Found	0.00000000000000000000
 450		  8211	   733	0.00000000000000000000
 451		  1123	Not Found	0.00000000000000000000
 452		  5773	  5981	0.00000000000000000000
 453		  5839	Not Found	0.00000000000000000000
 454		  3925	Not Found	0.00000000000000000000
 455		  5743	Not Found	0.00000000000000000000
 456		  1198	  4433	0.00000000000000000000
 457		  6619	Not Found	0.00000000000000000000
 458		  1706	   449	0.00000000000000000000
 459		  4494	Not Found	0.00000000000000000000
 460		  5148	   882	0.00000000000000000000
 461		   110	Not Found	0.00000000000000000000
 462		  3059	  2780	0.00000000000000000000
 463		  5576	Not Found	0.00000000000000000000
 464		  7247	Not Found	0.00000000000000000000
 465		  7767	Not Found	0.00000000000000000000
 466		 10711	Not Found	0.00000000000000000000
 467		  3289	Not Found	0.00000000000000000000
 468		 10017	Not Found	0.00000000000000000000
 469		 11538	  3752	0.00000000000000000000
 470		  3894	  2200	0.00000000000000000000
 471		  1108	  4654	0.00000000000000000000
 472		 11274	   207	0.00000000000000000000
 473		   393	Not Found	0.00000000000000000000
 474		 11450	Not Found	0.00000000000000000000
 475		 11784	  4607	0.00000000000000000000
 476		  6094	  2650	0.00000000000000000000
 477		   127	Not Found	0.00000000000000000000
 478		  8527	  2822	0.00000000000000000000
 479		  1889	Not Found	0.00000000000000000000
 480		  4949	Not Found	0.00000000000000000000
 481		 11759	Not Found	0.00000000000000000000
 482		  6709	Not Found	0.00000000000000000000
 483		  3282	Not Found	0.00000000000000000000
 484		  5723	   507	0.00000000000000000000
 485		  4240	Not Found	0.00000000000000000000
 486		  2452	   638	0.00000000000000000000
 487		 11378	Not Found	0.00000000000000000000
 488		  9001	Not Found	0.00000000000000000000
 489		  5884	  4672	0.00000000000000000000
 490		  3183	Not Found	0.00000000000000000000
 491		  8997	Not Found	0.00000000000000000000
 492		  7844	Not Found	0.00000000000000000000
 493		  5009	Not Found	0.00000000000000000000
 494		  3643	Not Found	0.00000000000000000000
 495		   605	  2161	0.00000000000000000000
 496		  4549	  1057	0.00000000000000000000
 497		  5111	  1164	0.00000000000000000000
 498		  1682	  5553	0.00000000000000000000
 499		  4800	Not Found	0.00000000000000000000
 500		  1289	  2089	0.00000000000000000000
 501		  6915	Not Found	0.00000000000000000000
 502		  1283	    18	0.00000000000000000000
 503		  3851	Not Found	0.00000000000000000000
 504		 10666	  4566	0.00000000000000000000
 505		  8315	    92	0.00000000000000000000
 506		  6221	  3348	0.00000000000000000000
 507		  9527	Not Found	0.00000000000000000000
 508		   781	Not Found	0.00000000000000000000
 509		 11003	Not Found	0.00000000000000000000
 510		  1036	   197	0.00000000000000000000
 511		   347	Not Found	0.00000000000000000000
 512		  5437	Not Found	0.00000000000000000000
 513		  6200	  5759	0.00000000000000000000
 514		  6258	Not Found	0.00000000000000000000
 515		  6226	  4974	0.00000000000000000000
 516		 11352	Not Found	0.00000000000000000000
 517		  7651	Not Found	0.00000000000000000000
 518		  2426	Not Found	0.00000000000000000000
 519		 10303	  1099	0.00000000000000000000
 520		  3880	Not Found	0.00000000000000000000
 521		 10161	Not Found	0.00000000000000000000
 522		  8281	  5589	0.00000000000000000000
 523		 10350	  1296	0.00000000000000000000
 524		  6997	Not Found	0.00000000000000000000
 525		  3672	Not Found	0.00000000000000000000
 526		  4309	Not Found	0.00000000000000000000
 527		  9725	  2093	0.00000000000000000000
 528		  3801	     8	0.00000000000000000000
 529		  4700	  3147	0.00000000000000000000
 530		  9627	Not Found	0.00000000000000000000
 531		  4731	Not Found	0.00000000000000000000
 532		  7125	Not Found	0.00000000000000000000
 533		   203	Not Found	0.00000000000000000000
 534		  7980	  5737	0.00000000000000000000
 535		    15	Not Found	0.00000000000000000000
 536		   834	  5019	0.00000000000000000000
 537		  9861	  1431	0.00000000000000000000
 538		  4568	Not Found	0.00000000000000000000
 539		  1660	   806	0.00000000000000000000
 540		  6634	  3374	0.00000000000000000000
 541		  5376	   630	0.00000000000000000000
 542		  7758	Not Found	0.00000000000000000000
 543		  2979	Not Found	0.00000000000000000000
 544		  8951	  4665	0.00000000000000000000
 545		  3531	  2124	0.00000000000000000000
 546		    17	Not Found	0.00000000000000000000
 547		   362	Not Found	0.00000000000000000000
 548		  1484	   707	0.00000000000000000000
 549		  8402	Not Found	0.00000000000000000000
 550		  7823	Not Found	0.00000000000000000000
 551		  5244	  3860	0.00000000000000000000
 552		 10772	  1705	0.00000000000000000000
 553		 10529	Not Found	0.00000000000000000000
 554		  1647	Not Found	0.00000000000000000000
 555		  3730	Not Found	0.00000000000000000000
 556		  7735	   458	0.00000000000000000000
 557		  8748	Not Found	0.00000000000000000000
 558		  5769	Not Found	0.00000000000000000000
 559		 11760	Not Found	0.00000000000000000000
 560		  7956	  2880	0.00000000000000000000
 561		   335	Not Found	0.00000000000000000000
 562		  9179	Not Found	0.00000000000000000000
 563		  5682	Not Found	0.00000000000000000000
 564		  4843	Not Found	0.00000000000000000000
 565		  2097	Not Found	0.00000000000000000000
 566		    88	   479	0.00000000000000000000
 567		  3944	  3652	0.00000000000000000000
 568		  3706	Not Found	0.00000000000000000000
 569		  7439	Not Found	0.00000000000000000000
 570		  4227	   517	0.00000000000000000000
 571		  8704	Not Found	0.00000000000000000000
 572		  2123	Not Found	0.00000000000000000000
 573		  3414	  5774	0.00000000000000000000
 574		  9149	   219	0.00000000000000000000
 575		 11075	   432	0.00000000000000000000
 576		  1356	Not Found	0.00000000000000000000
 577		  7728	Not Found	0.00000000000000000000
 578		  7324	   668	0.00000000000000000000
 579		  6019	Not Found	0.00000000000000000000
 580		  5471	Not Found	0.00000000000000000000
 581		  6019	Not Found	0.00000000000000000000
 582		 11644	Not Found	0.00000000000000000000
 583		 10164	  3947	0.00000000000000000000
 584		   595	Not Found	0.00000000000000000000
 585		  3190	  5170	0.00000000000000000000
 586		  9338	  2937	0.00000000000000000000
 587		 11927	Not Found	0.00000000000000000000
 588		  5715	Not Found	0.00000000000000000000
 589		 11926	  3105	0.00000000000000000000
 590		   990	Not Found	0.00000000000000000000
 591		  3231	Not Found	0.00000000000000000000
 592		  1949	  4190	0.00000000000000000000
 593		  6168	   366	0.00000000000000000000
 594		 10841	Not Found	0.00000000000000000000
 595		  1870	   179	0.00000000000000000000
 596		   597	  5938	0.00000000000000000000
 597		    31	Not Found	0.00000000000000000000
 598		  8272	  5864	0.00000000000000000000
 599		  6143	  5982	0.00000000000000000000
 600		  5659	Not Found	0.00000000000000000000
 601		 11808	  3356	0.00000000000000000000
 602		  8344	Not Found	0.00000000000000000000
 603		 11882	Not Found	0.00000000000000000000
 604		  8858	Not Found	0.00000000000000000000
 605		  2020	  3035	0.00000000000000000000
 606		  4226	Not Found	0.00000000000000000000
 607		 10851	Not Found	0.00000000000000000000
 608		 11427	  4733	0.00000000000000000000
 609		  1583	Not Found	0.00000000000000000000
 610		  9080	Not Found	0.00000000000000000000
 611		  4227	   517	0.00000000000000000000
 612		  6266	  4479	0.00000000000000000000
 613		 11839	Not Found	0.00000000000000000000
 614		  7913	Not Found	0.00000000000000000000
 615		   876	Not Found	0.00000000000000000000
 616		  4718	  3936	0.00000000000000000000
 617		  6998	Not Found	0.00000000000000000000
 618		  2817	Not Found	0.00000000000000000000
 619		  3207	Not Found	0.00000000000000000000
 620		  6959	  4646	0.00000000000000000000
 621		  3323	Not Found	0.00000000000000000000
 622		  4733	   280	0.00000000000000000000
 623		  8049	   952	0.00000000000000000000
 624		  7163	Not Found	0.00000000000000000000
 625		 11934	Not Found	0.00000000000000000000
 626		   990	Not Found	0.00000000000000000000
 627		  4981	  4204	0.00000000000000000000
 628		  7674	Not Found	0.00000000000000000000
 629		  2939	Not Found	0.00000000000000000000
 630		  1916	Not Found	0.00000000000000000000
 631		  6043	  1439	0.00000000000000000000
 632		  2283	   688	0.00000000000000000000
 633		  2849	  4918	0.00000000000000000000
 634		  7932	Not Found	0.00000000000000000000
 635		  1570	  1027	0.00000000000000000000
 636		  5278	  2350	0.00000000000000000000
 637		  2068	Not Found	0.00000000000000000000
 638		  2725	  2947	0.00000000000000000000
 639		   681	Not Found	0.00000000000000000000
 640		  5155	  1210	0.00000000000000000000
 641		 11311	Not Found	0.00000000000000000000
 642		  2671	   406	0.00000000000000000000
 643		   405	Not Found	0.00000000000000000000
 644		  5955	  5913	0.00000000000000000000
 645		  8398	   492	0.00000000000000000000
 646		  3677	  1479	0.00000000000000000000
 647		  5966	Not Found	0.00000000000000000000
 648		  3726	Not Found	0.00000000000000000000
 649		  7626	Not Found	0.00000000000000000000
 650		  6957	Not Found	0.00000000000000000000
 651		  6218	  4468	0.00000000000000000000
 652		  1556	Not Found	0.00000000000000000000
 653		  3334	  3134	0.00000000000000000000
 654		    14	  3779	0.00000000000000000000
 655		  7822	Not Found	0.00000000000000000000
 656		  2968	Not Found	0.00000000000000000000
 657		  6026	Not Found	0.00000000000000000000
 658		  9713	Not Found	0.00000000000000000000
 659		  6322	  5677	0.00000000000000000000
 660		  5890	Not Found	0.00000000000000000000
 661		  8494	Not Found	0.00000000000000000000
 662		  4963	   734	0.00000000000000000000
 663		  5540	Not Found	0.00000000000000000000
 664		  3923	Not Found	0.00000000000000000000
 665		 10330	  4474	0.00000000000000000000
 666		  8186	  1562	0.00000000000000000000
 667		  3152	  3872	0.00000000000000000000
 668		  1887	  5750	0.00000000000000000000
 669		  7468	Not Found	0.00000000000000000000
 670		  8941	Not Found	0.00000000000000000000
 671		  2175	  3491	0.00000000000000000000
 672		  5750	    30	0.00000000000000000000
 673		  2713	Not Found	0.00000000000000000000
 674		   585	   415	0.00000000000000000000
 675		  2206	Not Found	0.00000000000000000000
 676		  3619	  3315	0.00000000000000000000
 677		  2967	Not Found	0.00000000000000000000
 678		  3777	Not Found	0.00000000000000000000
 679		  7105	  3867	0.00000000000000000000
 680		  2649	  4951	0.00000000000000000000
 681		  7866	Not Found	0.00000000000000000000
 682		  1734	Not Found	0.00000000000000000000
 683		   615	Not Found	0.00000000000000000000
 684		  1962	  3730	0.00000000000000000000
 685		  9086	Not Found	0.00000000000000000000
 686		  3640	Not Found	0.00000000000000000000
 687		  1854	Not Found	0.00000000000000000000
 688		  8411	Not Found	0.00000000000000000000
 689		  9189	  3033	0.00000000000000000000
 690		  1435	  2134	0.00000000000000000000
 691		  4970	Not Found	0.00000000000000000000
 692		   660	   225	0.00000000000000000000
 693		  9568	  4571	0.00000000000000000000
 694		  3149	Not Found	0.00000000000000000000
 695		  6691	Not Found	0.00000000000000000000
 696		  3836	Not Found	0.00000000000000000000
 697		  3603	  3330	0.00000000000000000000
 698		  2167	Not Found	0.00000000000000000000
 699		 10557	Not Found	0.00000000000000000000
 700		  7557	Not Found	0.00000000000000000000
 701		  8565	Not Found	0.00000000000000000000
 702		  4195	  3509	0.00000000000000000000
 703		  4333	Not Found	0.00000000000000000000
 704		   867	  4549	0.00000000000000000000
 705		   245	Not Found	0.00000000000000000000
 706		  8717	  4790	0.00000000000000000000
 707		  3368	  3121	0.00000000000000000000
 708		  7778	Not Found	0.00000000000000000000
 709		  5859	  5479	0.00000000000000000000
 710		  5309	Not Found	0.00000000000000000000
 711		  9197	  1827	0.00000000000000000000
 712		  3737	Not Found	0.00000000000000000000
 713		  5934	  2920	0.00000000000000000000
 714		 10835	Not Found	0.00000000000000000000
 715		  3366	Not Found	0.00000000000000000000
 716		  4698	  5297	0.00000000000000000000
 717		  3210	Not Found	0.00000000000000000000
 718		   675	Not Found	0.00000000000000000000
 719		  1610	Not Found	0.00000000000000000000
 720		   524	Not Found	0.00000000000000000000
 721		  8053	  2501	0.00000000000000000000
 722		 11524	Not Found	0.00000000000000000000
 723		  1319	Not Found	0.00000000000000000000
 724		  7770	Not Found	0.00000000000000000000
 725		 10841	Not Found	0.00000000000000000000
 726		  4932	Not Found	0.00000000000000000000
 727		 11711	Not Found	0.00000000000000000000
 728		  1261	Not Found	0.00000000000000000000
 729		  1908	Not Found	0.00000000000000000000
 730		  2654	Not Found	0.00000000000000000000
 731		  3792	  2714	0.00000000000000000000
 732		  6455	  4909	0.00000000000000000000
 733		  7510	Not Found	0.00000000000000000000
 734		  1294	Not Found	0.00000000000000000000
 735		  5081	Not Found	0.00000000000000000000
 736		  1682	  5553	0.00000000000000000000
 737		  7179	  4721	0.00000000000000000000
 738		 11140	Not Found	0.00000000000000000000
 739		  4474	  2446	0.00000000000000000000
 740		  8713	  2409	0.00000000000000000000
 741		  1819	Not Found	0.00000000000000000000
 742		  9624	Not Found	0.00000000000000000000
 743		  2075	  4387	0.00000000000000000000
 744		 11988	Not Found	0.00000000000000000000
 745		  6094	  2650	0.00000000000000000000
 746		  1053	Not Found	0.00000000000000000000
 747		  8751	Not Found	0.00000000000000000000
 748		  2346	Not Found	0.00000000000000000000
 749		  8307	  4964	0.00000000000000000000
 750		  9976	Not Found	0.00000000000000000000
 751		   250	Not Found	0.00000000000000000000
 752		  1554	   771	0.00000000000000000000
 753		  4066	Not Found	0.00000000000000000000
 754		  3219	  5700	0.00000000000000000000
 755		  9072	Not Found	0.00000000000000000000
 756		  3067	Not Found	0.00000000000000000000
 757		   193	Not Found	0.00000000000000000000
 758		 10093	    51	0.00000000000000000000
 759		  1280	Not Found	0.00000000000000000000
 760		  7885	  4627	0.00000000000000000000
 761		  2372	Not Found	0.00000000000000000000
 762		 11221	Not Found	0.00000000000000000000
 763		  3410	Not Found	0.00000000000000000000
 764		  5119	   894	0.00000000000000000000
 765		  8121	Not Found	0.00000000000000000000
 766		  1143	Not Found	0.00000000000000000000
 767		 11277	Not Found	0.00000000000000000000
 768		  8747	Not Found	0.00000000000000000000
 769		  1443	Not Found	0.00000000000000000000
 770		  7029	   380	0.00000000000000000000
 771		 11580	Not Found	0.00000000000000000000
 772		 10302	Not Found	0.00000000000000000000
 773		  5861	  2047	0.00000000000000000000
 774		   634	  4705	0.00000000000000000000
 775		  8497	Not Found	0.00000000000000000000
 776		  6548	Not Found	0.00000000000000000000
 777		  8033	Not Found	0.00000000000000000000
 778		  7819	Not Found	0.00000000000000000000
 779		  3595	Not Found	0.00000000000000000000
 780		  6628	Not Found	0.00000000000000000000
 781		  5249	  2433	0.00000000000000000000
 782		  6655	Not Found	0.00000000000000000000
 783		 11860	Not Found	0.00000000000000000000
 784		  1431	Not Found	0.00000000000000000000
 785		  9334	Not Found	0.00000000000000000000
 786		  8401	Not Found	0.00000000000000000000
 787		  1710	  5999	0.00000000000000000000
 788		  3231	Not Found	0.00000000000000000000
 789		  7775	  3846	0.00000000000000000000
 790		  5139	Not Found	0.00000000000000000000
 791		  4239	    53	0.00000000000000000000
 792		  8614	    70	0.00000000000000000000
 793		  8173	  4096	0.00000000000000000000
 794		  9924	Not Found	0.00000000000000000000
 795		  4042	  1942	0.00000000000000000000
 796		  6148	   974	0.00000000000000000000
 797		 10788	Not Found	0.00000000000000000000
 798		  9829	Not Found	0.00000000000000000000
 799		 11472	   254	0.00000000000000000000
 800		  1366	  1163	0.00000000000000000000
 801		  5316	  5943	0.00000000000000000000
 802		   969	  1304	0.00000000000000000000
 803		 10359	Not Found	0.00000000000000000000
 804		  2795	Not Found	0.00000000000000000000
 805		  3273	  1034	0.00000000000000000000
 806		  2508	  1173	0.00000000000000000000
 807		  3386	Not Found	0.00000000000000000000
 808		  8544	Not Found	0.00000000000000000000
 809		  2256	Not Found	0.00000000000000000000
 810		  5510	Not Found	0.00000000000000000000
 811		    33	Not Found	0.00000000000000000000
 812		  4558	Not Found	0.00000000000000000000
 813		  6108	Not Found	0.00000000000000000000
 814		  2847	Not Found	0.00000000000000000000
 815		  5922	Not Found	0.00000000000000000000
 816		  8066	  2169	0.00000000000000000000
 817		  1847	Not Found	0.00000000000000000000
 818		  1125	Not Found	0.00000000000000000000
 819		  4328	Not Found	0.00000000000000000000
 820		  5774	  3770	0.00000000000000000000
 821		  7708	Not Found	0.00000000000000000000
 822		  7131	Not Found	0.00000000000000000000
 823		 10355	   941	0.00000000000000000000
 824		  9567	  5089	0.00000000000000000000
 825		  2677	  4990	0.00000000000000000000
 826		  4693	Not Found	0.00000000000000000000
 827		  2560	  5427	0.00000000000000000000
 828		  7279	Not Found	0.00000000000000000000
 829		  2336	Not Found	0.00000000000000000000
 830		   769	  2277	0.00000000000000000000
 831		  3147	Not Found	0.00000000000000000000
 832		  4059	Not Found	0.00000000000000000000
 833		  1432	  1415	0.00000000000000000000
 834		  8488	Not Found	0.00000000000000000000
 835		  6258	Not Found	0.00000000000000000000
 836		 11735	  5802	0.00000000000000000000
 837		  5009	Not Found	0.00000000000000000000
 838		  7670	   182	0.00000000000000000000
 839		  3355	Not Found	0.00000000000000000000
 840		  5856	  4980	0.00000000000000000000
 841		  1923	Not Found	0.00000000000000000000
 842		  4373	Not Found	0.00000000000000000000
 843		  8281	  5589	0.00000000000000000000
 844		  8754	Not Found	0.00000000000000000000
 845		 10763	  3017	0.00000000000000000000
 846		  8481	Not Found	0.00000000000000000000
 847		 11147	Not Found	0.00000000000000000000
 848		  2588	   881	0.00000000000000000000
 849		  1647	Not Found	0.00000000000000000000
 850		    88	   479	0.00000000000000000000
 851		 11494	Not Found	0.00000000000000000000
 852		  1041	Not Found	0.00000000000000000000
 853		 10848	Not Found	0.00000000000000000000
 854		 10160	Not Found	0.00000000000000000000
 855		  3092	Not Found	0.00000000000000000000
 856		  5312	  3904	0.00000000000000000000
 857		  4837	  2640	0.00000000000000000000
 858		  1325	  1317	0.00000000000000000000
 859		  8220	  5141	0.00000000000000000000
 860		  3238	Not Found	0.00000000000000000000
 861		  8629	   119	0.00000000000000000000
 862		  8403	   850	0.00000000000000000000
 863		  4708	  3418	0.00000000000000000000
 864		  2562	Not Found	0.00000000000000000000
 865		 10309	Not Found	0.00000000000000000000
 866		  6681	Not Found	0.00000000000000000000
 867		  2805	  5727	0.00000000000000000000
 868		  1033	  2341	0.00000000000000000000
 869		  6595	Not Found	0.00000000000000000000
 870		  3103	  5861	0.00000000000000000000
 871		  6718	Not Found	0.00000000000000000000
 872		  5276	Not Found	0.00000000000000000000
 873		  4546	Not Found	0.00000000000000000000
 874		 11297	Not Found	0.00000000000000000000
 875		  4795	Not Found	0.00000000000000000000
 876		  9431	Not Found	0.00000000000000000000
 877		  8760	   362	0.00000000000000000000
 878		  1740	Not Found	0.00000000000000000000
 879		 11640	Not Found	0.00000000000000000000
 880		  5803	   961	0.00000000000000000000
 881		  5732	Not Found	0.00000000000000000000
 882		  8625	Not Found	0.00000000000000000000
 883		  9392	Not Found	0.00000000000000000000
 884		 10510	Not Found	0.00000000000000000000
 885		 10323	Not Found	0.00000000000000000000
 886		   568	Not Found	0.00000000000000000000
 887		  2075	  4387	0.00000000000000000000
 888		  5169	  1886	0.00000000000000000000
 889		  2725	  2947	0.00000000000000000000
 890		  7799	Not Found	0.00000000000000000000
 891		  8519	  5326	0.00000000000000000000
 892		 10194	  3603	0.00000000000000000000
 893		  9195	Not Found	0.00000000000000000000
 894		  2658	  3256	0.00000000000000000000
 895		  7493	  1213	0.00000000000000000000
 896		 10291	Not Found	0.00000000000000000000
 897		  6356	Not Found	0.00000000000000000000
 898		  1125	Not Found	0.00000000000000000000
 899		  8072	Not Found	0.00000000000000000000
 900		 11435	Not Found	0.00000000000000000000
 901		 10761	  1969	0.00000000000000000000
 902		  7280	Not Found	0.00000000000000000000
 903		  3178	Not Found	0.00000000000000000000
 904		 10812	Not Found	0.00000000000000000000
 905		   757	  4960	0.00000000000000000000
 906		  2578	  2106	0.00000000000000000000
 907		  2416	   329	0.00000000000000000000
 908		  8101	Not Found	0.00000000000000000000
 909		  1449	  1713	0.00000000000000000000
 910		  9833	Not Found	0.00000000000000000000
 911		  5967	   262	0.00000000000000000000
 912		  2040	Not Found	0.00000000000000000000
 913		 11615	Not Found	0.00000000000000000000
 914		 11481	Not Found	0.00000000000000000000
 915		  3983	Not Found	0.00000000000000000000
 916		 10190	  4966	0.00000000000000000000
 917		  3229	  4251	0.00000000000000000000
 918		  1723	Not Found	0.00000000000000000000
 919		  8622	Not Found	0.00000000000000000000
 920		  4602	Not Found	0.00000000000000000000
 921		  4764	Not Found	0.00000000000000000000
 922		  1496	Not Found	0.00000000000000000000
 923		  1032	   184	0.00000000000000000000
 924		  2075	  4387	0.00000000000000000000
 925		   906	  5255	0.00000000000000000000
 926		  4791	Not Found	0.00000000000000000000
 927		  2998	  3375	0.00000000000000000000
 928		 10646	Not Found	0.00000000000000000000
 929		  6029	  3000	0.00000000000000000000
 930		   499	  3727	0.00000000000000000000
 931		  1908	Not Found	0.00000000000000000000
 932		  7748	Not Found	0.00000000000000000000
 933		   201	Not Found	0.00000000000000000000
 934		   464	  2945	0.00000000000000000000
 935		   136	Not Found	0.00000000000000000000
 936		  8456	Not Found	0.00000000000000000000
 937		  1539	Not Found	0.00000000000000000000
 938		 11151	Not Found	0.00000000000000000000
 939		  7456	  2742	0.00000000000000000000
 940		  1411	  5940	0.00000000000000000000
 941		  9383	Not Found	0.00000000000000000000
 942		   992	Not Found	0.00000000000000000000
 943		  8090	Not Found	0.00000000000000000000
 944		  1003	Not Found	0.00000000000000000000
 945		  5767	  5122	0.00000000000000000000
 946		  2039	Not Found	0.00000000000000000000
 947		  8074	  2005	0.00000000000000000000
 948		  1689	   126	0.00000000000000000000
 949		  8165	  3271	0.00000000000000000000
 950		  7555	Not Found	0.00000000000000000000
 951		   216	  2477	0.00000000000000000000
 952		  1827	Not Found	0.00000000000000000000
 953		  6036	Not Found	0.00000000000000000000
 954		  4443	Not Found	0.00000000000000000000
 955		  5416	Not Found	0.00000000000000000000
 956		  7946	Not Found	0.00000000000000000000
 957		  6297	  3306	0.00000000000000000000
 958		 10777	Not Found	0.00000000000000000000
 959		  9182	Not Found	0.00000000000000000000
 960		  8244	  5561	0.00000000000000000000
 961		  2743	Not Found	0.00000000000000000000
 962		  6892	Not Found	0.00000000000000000000
 963		  7009	Not Found	0.00000000000000000000
 964		  4380	  3208	0.00000000000000000000
 965		  5420	Not Found	0.00000000000000000000
 966		  8712	Not Found	0.00000000000000000000
 967		  1919	Not Found	0.00000000000000000000
 968		  8648	Not Found	0.00000000000000000000
 969		  4534	Not Found	0.00000000000000000000
 970		   129	  1207	0.00000000000000000000
 971		  2609	Not Found	0.00000000000000000000
 972		  9307	  5609	0.00000000000000000000
 973		 11386	Not Found	0.00000000000000000000
 974		 10008	Not Found	0.00000000000000000000
 975		 10433	  1677	0.00000000000000000000
 976		  5452	  4459	0.00000000000000000000
 977		  1478	  4519	0.00000000000000000000
 978		  3092	Not Found	0.00000000000000000000
 979		  3945	Not Found	0.00000000000000000000
 980		  3448	  2823	0.00000000000000000000
 981		  5237	Not Found	0.00000000000000000000
 982		  1941	Not Found	0.00000000000000000000
 983		  8030	  4985	0.00000000000000000000
 984		  4276	  5891	0.00000000000000000000
 985		  4435	  5602	0.00000000000000000000
 986		  2534	  1043	0.00000000000000000000
 987		  4333	Not Found	0.00000000000000000000
 988		  8165	  3271	0.00000000000000000000
 989		  6177	  3114	0.00000000000000000000
 990		  2385	Not Found	0.00000000000000000000
 991		  8165	  3271	0.00000000000000000000
 992		  8147	Not Found	0.00000000000000000000
 993		 11196	Not Found	0.00000000000000000000
 994		  7031	    28	0.00000000000000000000
 995		  5845	Not Found	0.00000000000000000000
 996		  8571	  4978	0.00000000000000000000
 997		  4121	Not Found	0.00000000000000000000
 998		  5567	Not Found	0.00000000000000000000
 999		  3319	  4314	0.00000000000000000000
1000		  7044	  3327	0.00000000000000000000
