LINEAR SEARCH ANALYSIS
Array Size = 4000
-------------------------------------------
Iteration	Key	Index	Time (sec)
-------------------------------------------
   1		  7439	Not Found	0.00000000000000000000
   2		  4590	   110	0.00000000000000000000
   3		  2205	Not Found	0.00000000000000000000
   4		  6689	Not Found	0.00000000000000000000
   5		  6802	Not Found	0.00000000000000000000
   6		   245	Not Found	0.00000000000000000000
   7		  2135	  3382	0.00000000000000000000
   8		  7805	Not Found	0.00000000000000000000
   9		  5786	Not Found	0.00000000000000000000
  10		  5000	  2690	0.00000000000000000000
  11		   344	Not Found	0.00000000000000000000
  12		  6794	  1281	0.00000000000000000000
  13		  4671	Not Found	0.00000000000000000000
  14		  6197	Not Found	0.00000000000000000000
  15		  4806	  2276	0.00000000000000000000
  16		  4135	Not Found	0.00000000000000000000
  17		  4150	  1235	0.00000000000000000000
  18		  3621	Not Found	0.00000000000000000000
  19		  5106	Not Found	0.00000000000000000000
  20		  5231	  1766	0.00000000000000000000
  21		  6973	  2896	0.00000000000000000000
  22		  3891	  3506	0.00000000000000000000
  23		   220	Not Found	0.00000000000000000000
  24		  5808	  2546	0.00000000000000000000
  25		  6714	Not Found	0.00000000000000000000
  26		  2430	Not Found	0.00000000000000000000
  27		  3705	Not Found	0.00000000000000000000
  28		   414	  2417	0.00000000000000000000
  29		  4127	  3289	0.00000000000000000000
  30		  1853	Not Found	0.00000000000000000000
  31		  2548	Not Found	0.00000000000000000000
  32		   457	   380	0.00000000000000000000
  33		  5520	   667	0.00000000000000000000
  34		  6483	Not Found	0.00000000000000000000
  35		  1010	Not Found	0.00000000000000000000
  36		  1357	Not Found	0.00000000000000000000
  37		  5320	Not Found	0.00000000000000000000
  38		  4772	Not Found	0.00000000000000000000
  39		  1562	Not Found	0.00000000000000000000
  40		   777	  2952	0.00000000000000000000
  41		  7993	  1231	0.00000000000000000000
  42		  1766	Not Found	0.00000000000000000000
  43		  6869	Not Found	0.00000000000000000000
  44		  6610	Not Found	0.00000000000000000000
  45		  4594	Not Found	0.00000000000000000000
  46		  1723	Not Found	0.00000000000000000000
  47		  2898	  3077	0.00000000000000000000
  48		  4200	  2548	0.00000000000000000000
  49		  5574	  3500	0.00000000000000000000
  50		  7166	Not Found	0.00000000000000000000
  51		  5454	Not Found	0.00000000000000000000
  52		  4392	  3648	0.00000000000000000000
  53		  6635	   732	0.00000000000000000000
  54		  2332	  1512	0.00000000000000000000
  55		  5714	  1253	0.00000000000000000000
  56		  1156	   529	0.00000000000000000000
  57		  7904	  2648	0.00000000000000000000
  58		  6373	Not Found	0.00000000000000000000
  59		  7549	Not Found	0.00000000000000000000
  60		  2033	Not Found	0.00000000000000000000
  61		   274	Not Found	0.00000000000000000000
  62		  7650	  1794	0.00000000000000000000
  63		  4675	Not Found	0.00000000000000000000
  64		  6943	  1359	0.00000000000000000000
  65		  5185	  3535	0.00000000000000000000
  66		  5418	Not Found	0.00000000000000000000
  67		  6390	  3987	0.00000000000000000000
  68		  3054	Not Found	0.00000000000000000000
  69		  3551	   182	0.00000000000000000000
  70		  5744	  3157	0.00000000000000000000
  71		  7044	Not Found	0.00000000000000000000
  72		  1247	  2606	0.00000000000000000000
  73		  1784	   676	0.00000000000000000000
  74		  1695	Not Found	0.00000000000000000000
  75		  4609	  2554	0.00000000000000000000
  76		  2504	Not Found	0.00000000000000000000
  77		  3096	  3056	0.00000000000000000000
  78		   297	Not Found	0.00000000000000000000
  79		  6247	  3240	0.00000000000000000000
  80		  4365	  1031	0.00000000000000000000
  81		  6634	  1497	0.00000000000000000000
  82		  1691	Not Found	0.00000000000000000000
  83		   731	  1877	0.00000000000000000000
  84		  5771	Not Found	0.00000000000000000000
  85		  3549	Not Found	0.00000000000000000000
  86		  5622	  3747	0.00000000000000000000
  87		  5298	  3954	0.00000000000000000000
  88		  3222	  3452	0.00000000000000000000
  89		  1036	  3054	0.00000000000000000000
  90		   506	   375	0.00000000000000000000
  91		  6772	  3661	0.00000000000000000000
  92		  5798	    67	0.00000000000000000000
  93		  5277	   270	0.00000000000000000000
  94		  1155	   821	0.00000000000000000000
  95		  2720	Not Found	0.00000000000000000000
  96		   717	Not Found	0.00000000000000000000
  97		  2473	Not Found	0.00000000000000000000
  98		  2392	  3927	0.00000000000000000000
  99		  6768	  1542	0.00000000000000000000
 100		  2092	Not Found	0.00000000000000000000
 101		  3678	  1398	0.00000000000000000000
 102		  2498	Not Found	0.00000000000000000000
 103		  1694	  1904	0.00000000000000000000
 104		   999	  2137	0.00000000000000000000
 105		  6306	Not Found	0.00000000000000000000
 106		  5850	Not Found	0.00000000000000000000
 107		  6566	  3701	0.00000000000000000000
 108		  5206	Not Found	0.00000000000000000000
 109		  2489	Not Found	0.00000000000000000000
 110		  5030	Not Found	0.00000000000000000000
 111		  3406	  2065	0.00000000000000000000
 112		  3006	Not Found	0.00000000000000000000
 113		  5161	Not Found	0.00000000000000000000
 114		  6054	Not Found	0.00000000000000000000
 115		  2404	  1485	0.00000000000000000000
 116		  6399	Not Found	0.00000000000000000000
 117		  4188	Not Found	0.00000000000000000000
 118		  4841	Not Found	0.00000000000000000000
 119		  5319	  1131	0.00000000000000000000
 120		  6862	Not Found	0.00000000000000000000
 121		   197	  2175	0.00000000000000000000
 122		  1061	Not Found	0.00000000000000000000
 123		  5032	   327	0.00000000000000000000
 124		   934	Not Found	0.00000000000000000000
 125		  2119	Not Found	0.00000000000000000000
 126		  3911	  3678	0.00000000000000000000
 127		  7314	Not Found	0.00000000000000000000
 128		  6075	  2608	0.00000000000000000000
 129		    82	  2584	0.00000000000000000000
 130		  7816	Not Found	0.00000000000000000000
 131		  5416	Not Found	0.00000000000000000000
 132		  6384	  2636	0.00000000000000000000
 133		  5391	Not Found	0.00000000000000000000
 134		  4929	  1746	0.00000000000000000000
 135		  7854	Not Found	0.00000000000000000000
 136		   265	Not Found	0.00000000000000000000
 137		  4286	Not Found	0.00000000000000000000
 138		  7936	Not Found	0.00000000000000000000
 139		  5515	  1384	0.00000000000000000000
 140		  7971	Not Found	0.00000000000000000000
 141		  5661	Not Found	0.00000000000000000000
 142		  4827	Not Found	0.00000000000000000000
 143		  2318	Not Found	0.00000000000000000000
 144		  6947	Not Found	0.00000000000000000000
 145		  7948	Not Found	0.00000000000000000000
 146		  4676	  1446	0.00000000000000000000
 147		  4782	Not Found	0.00000000000000000000
 148		  1068	   119	0.00000000000000000000
 149		  1456	Not Found	0.00000000000000000000
 150		  2398	  2132	0.00000000000000000000
 151		  1814	Not Found	0.00000000000000000000
 152		   917	Not Found	0.00000000000000000000
 153		  6293	  1584	0.00000000000000000000
 154		  2447	  2334	0.00000000000000000000
 155		  2529	Not Found	0.00000000000000000000
 156		  3802	Not Found	0.00000000000000000000
 157		  2519	Not Found	0.00000000000000000000
 158		  5719	  3625	0.00000000000000000000
 159		   482	  1187	0.00000000000000000000
 160		  2833	Not Found	0.00000000000000000000
 161		  5826	  1885	0.00000000000000000000
 162		  7200	Not Found	0.00000000000000000000
 163		   615	Not Found	0.00000000000000000000
 164		  1440	Not Found	0.00000000000000000000
 165		  5112	  2426	0.00000000000000000000
 166		  6422	   864	0.00000000000000000000
 167		  3262	Not Found	0.00000000000000000000
 168		  6958	  1925	0.00000000000000000000
 169		   339	Not Found	0.00000000000000000000
 170		  2296	Not Found	0.00000000000000000000
 171		  1081	Not Found	0.00000000000000000000
 172		  7191	Not Found	0.00000000000000000000
 173		  1164	Not Found	0.00000000000000000000
 174		  7151	Not Found	0.00000000000000000000
 175		   623	  1922	0.00000000000000000000
 176		  5924	  1102	0.00000000000000000000
 177		  7068	Not Found	0.00000000000000000000
 178		  1695	Not Found	0.00000000000000000000
 179		  5187	Not Found	0.00000000000000000000
 180		  4474	  3419	0.00000000000000000000
 181		  4064	Not Found	0.00000000000000000000
 182		   189	  1592	0.00000000000000000000
 183		  3753	   963	0.00000000000000000000
 184		  7441	  2228	0.00000000000000000000
 185		  2114	  2418	0.00000000000000000000
 186		  1248	Not Found	0.00000000000000000000
 187		  5541	   910	0.00000000000000000000
 188		  6056	Not Found	0.00000000000000000000
 189		  6166	Not Found	0.00000000000000000000
 190		  3866	Not Found	0.00000000000000000000
 191		  2710	Not Found	0.00000000000000000000
 192		  3255	   814	0.00000000000000000000
 193		  6338	  2353	0.00000000000000000000
 194		  5000	  2690	0.00000000000000000000
 195		  7028	   633	0.00000000000000000000
 196		  4838	   213	0.00000000000000000000
 197		  4770	  2450	0.00000000000000000000
 198		  1384	  3659	0.00000000000000000000
 199		  3350	Not Found	0.00000000000000000000
 200		   508	Not Found	0.00000000000000000000
 201		  3434	  2160	0.00000000000000000000
 202		  2219	   505	0.00000000000000000000
 203		  5431	  2406	0.00000000000000000000
 204		  5786	Not Found	0.00000000000000000000
 205		  7821	Not Found	0.00000000000000000000
 206		  1419	   377	0.00000000000000000000
 207		   889	  1666	0.00000000000000000000
 208		  1961	Not Found	0.00000000000000000000
 209		  1246	Not Found	0.00000000000000000000
 210		  1887	  1696	0.00000000000000000000
 211		  7786	    11	0.00000000000000000000
 212		  7377	Not Found	0.00000000000000000000
 213		  7158	  2781	0.00000000000000000000
 214		  1901	  3175	0.00000000000000000000
 215		   263	Not Found	0.00000000000000000000
 216		   940	Not Found	0.00000000000000000000
 217		   341	   710	0.00000000000000000000
 218		  1919	Not Found	0.00000000000000000000
 219		  7358	    35	0.00000000000000000000
 220		  7418	  2927	0.00000000000000000000
 221		  2252	   281	0.00000000000000000000
 222		  6969	Not Found	0.00000000000000000000
 223		  6648	  2798	0.00000000000000000000
 224		  3286	Not Found	0.00000000000000000000
 225		  3674	   734	0.00000000000000000000
 226		  6313	Not Found	0.00000000000000000000
 227		   791	Not Found	0.00000000000000000000
 228		  4520	  3142	0.00000000000000000000
 229		  3029	Not Found	0.00000000000000000000
 230		  2784	Not Found	0.00000000000000000000
 231		  3708	Not Found	0.00000000000000000000
 232		    29	Not Found	0.00000000000000000000
 233		  4427	   833	0.00000000000000000000
 234		  4097	  3039	0.00000000000000000000
 235		  2509	Not Found	0.00000000000000000000
 236		  1812	Not Found	0.00000000000000000000
 237		  2730	   621	0.00000000000000000000
 238		  5911	Not Found	0.00000000000000000000
 239		  2613	Not Found	0.00000000000000000000
 240		  3994	  1004	0.00000000000000000000
 241		  3101	Not Found	0.00000000000000000000
 242		  1900	Not Found	0.00000000000000000000
 243		  2988	Not Found	0.00000000000000000000
 244		   601	Not Found	0.00000000000000000000
 245		  3384	  2308	0.00000000000000000000
 246		  3479	  1595	0.00000000000000000000
 247		  2936	   612	0.00000000000000000000
 248		  5132	Not Found	0.00000000000000000000
 249		   470	Not Found	0.00000000000000000000
 250		   789	Not Found	0.00000000000000000000
 251		  7348	    33	0.00000000000000000000
 252		  1974	Not Found	0.00000000000000000000
 253		  2240	Not Found	0.00000000000000000000
 254		  7899	  3786	0.00000000000000000000
 255		  2640	  1127	0.00000000000000000000
 256		  1620	Not Found	0.00000000000000000000
 257		  3473	  3707	0.00000000000000000000
 258		   875	Not Found	0.00000000000000000000
 259		  5657	   962	0.00000000000000000000
 260		  3728	    54	0.00000000000000000000
 261		  3288	  1341	0.00000000000000000000
 262		  6310	Not Found	0.00000000000000000000
 263		  6394	  2441	0.00000000000000000000
 264		  1847	Not Found	0.00000000000000000000
 265		  6526	Not Found	0.00000000000000000000
 266		  6497	Not Found	0.00000000000000000000
 267		  7107	Not Found	0.00000000000000000000
 268		  2157	Not Found	0.00000000000000000000
 269		  6185	Not Found	0.00000000000000000000
 270		  3322	   369	0.00000000000000000000
 271		  2218	   195	0.00000000000000000000
 272		  6176	   519	0.00000000000000000000
 273		  4064	Not Found	0.00000000000000000000
 274		   556	Not Found	0.00000000000000000000
 275		  4816	  1486	0.00000000000000000000
 276		  1338	Not Found	0.00000000000000000000
 277		   431	Not Found	0.00000000000000000000
 278		  3426	Not Found	0.00000000000000000000
 279		  3525	Not Found	0.00000000000000000000
 280		  5723	    80	0.00000000000000000000
 281		  1421	Not Found	0.00000000000000000000
 282		  5897	Not Found	0.00000000000000000000
 283		  2957	Not Found	0.00000000000000000000
 284		  1414	Not Found	0.00000000000000000000
 285		  5564	Not Found	0.00000000000000000000
 286		  7785	  3830	0.00000000000000000000
 287		  1956	Not Found	0.00000000000000000000
 288		  5402	  2627	0.00000000000000000000
 289		   497	Not Found	0.00000000000000000000
 290		  3061	   715	0.00000000000000000000
 291		  7617	  2922	0.00000000000000000000
 292		    69	   201	0.00000000000000000000
 293		  7221	Not Found	0.00000000000000000000
 294		  2977	Not Found	0.00000000000000000000
 295		  1624	Not Found	0.00000000000000000000
 296		  2740	Not Found	0.00000000000000000000
 297		  1291	  3083	0.00000000000000000000
 298		  7859	  1616	0.00000000000000000000
 299		  5794	Not Found	0.00000000000000000000
 300		  5773	Not Found	0.00000000000000000000
 301		  3219	  1052	0.00000000000000000000
 302		  5981	Not Found	0.00000000000000000000
 303		  1056	  3642	0.00000000000000000000
 304		  4641	Not Found	0.00000000000000000000
 305		  1454	  2045	0.00000000000000000000
 306		  3786	Not Found	0.00000000000000000000
 307		  7838	Not Found	0.00000000000000000000
 308		  2844	Not Found	0.00000000000000000000
 309		   419	Not Found	0.00000000000000000000
 310		  6967	  2895	0.00000000000000000000
 311		  6709	Not Found	0.00000000000000000000
 312		  2559	Not Found	0.00000000000000000000
 313		  5697	Not Found	0.00000000000000000000
 314		  7620	Not Found	0.00000000000000000000
 315		  2643	  3495	0.00000000000000000000
 316		   721	Not Found	0.00000000000000000000
 317		  7622	  1575	0.00000000000000000000
 318		  1547	  2642	0.00000000000000000000
 319		  4799	Not Found	0.00000000000000000000
 320		  5457	  1406	0.00000000000000000000
 321		  4160	Not Found	0.00000000000000000000
 322		  4656	  2651	0.00000000000000000000
 323		  1047	Not Found	0.00000000000000000000
 324		  7982	  2656	0.00000000000000000000
 325		  3698	Not Found	0.00000000000000000000
 326		    57	  3770	0.00000000000000000000
 327		   540	   659	0.00000000000000000000
 328		   699	Not Found	0.00000000000000000000
 329		  2169	   193	0.00000000000000000000
 330		    32	  3699	0.00000000000000000000
 331		  6449	   203	0.00000000000000000000
 332		  4445	   848	0.00000000000000000000
 333		  2672	Not Found	0.00000000000000000000
 334		   167	Not Found	0.00000000000000000000
 335		  6176	   519	0.00100000000000000000
 336		  3974	Not Found	0.00000000000000000000
 337		  7248	Not Found	0.00000000000000000000
 338		  5996	Not Found	0.00000000000000000000
 339		  3166	Not Found	0.00000000000000000000
 340		  7976	Not Found	0.00000000000000000000
 341		  3740	  2917	0.00000000000000000000
 342		  5885	Not Found	0.00000000000000000000
 343		  5328	  1533	0.00000000000000000000
 344		  7778	  3959	0.00000000000000000000
 345		  4924	  1049	0.00000000000000000000
 346		  7277	Not Found	0.00000000000000000000
 347		  4941	Not Found	0.00000000000000000000
 348		  5247	Not Found	0.00000000000000000000
 349		  2855	  3018	0.00000000000000000000
 350		   360	Not Found	0.00000000000000000000
 351		  7526	Not Found	0.00000000000000000000
 352		  4127	  3289	0.00000000000000000000
 353		  1927	  1508	0.00000000000000000000
 354		  6851	Not Found	0.00000000000000000000
 355		  6564	Not Found	0.00000000000000000000
 356		  1973	  2170	0.00000000000000000000
 357		  3096	  3056	0.00000000000000000000
 358		  3543	Not Found	0.00000000000000000000
 359		  3216	   898	0.00000000000000000000
 360		  4467	   507	0.00000000000000000000
 361		  4498	Not Found	0.00000000000000000000
 362		  1040	Not Found	0.00000000000000000000
 363		  5497	   609	0.00000000000000000000
 364		   323	Not Found	0.00000000000000000000
 365		  7047	Not Found	0.00000000000000000000
 366		  5953	Not Found	0.00000000000000000000
 367		  4785	Not Found	0.00000000000000000000
 368		   440	   810	0.00000000000000000000
 369		  4238	Not Found	0.00000000000000000000
 370		  7163	    90	0.00000000000000000000
 371		  1689	Not Found	0.00000000000000000000
 372		  4420	Not Found	0.00000000000000000000
 373		  7521	Not Found	0.00000000000000000000
 374		   989	  2772	0.00000000000000000000
 375		  6686	Not Found	0.00000000000000000000
 376		  1195	   550	0.00000000000000000000
 377		  4612	Not Found	0.00000000000000000000
 378		  6061	    72	0.00000000000000000000
 379		  5700	Not Found	0.00000000000000000000
 380		  5175	   953	0.00000000000000000000
 381		  4903	   222	0.00000000000000000000
 382		  1960	Not Found	0.00000000000000000000
 383		  3427	  2835	0.00000000000000000000
 384		  3438	  1782	0.00000000000000000000
 385		  4686	  2960	0.00000000000000000000
 386		  2711	  1256	0.00000000000000000000
 387		  2862	    89	0.00000000000000000000
 388		  6145	  3760	0.00000000000000000000
 389		  6063	Not Found	0.00000000000000000000
 390		   291	Not Found	0.00000000000000000000
 391		  6651	Not Found	0.00000000000000000000
 392		  4166	Not Found	0.00000000000000000000
 393		  7196	  1860	0.00000000000000000000
 394		  4010	Not Found	0.00000000000000000000
 395		  5440	    60	0.00000000000000000000
 396		  2856	  1975	0.00000000000000000000
 397		  1889	Not Found	0.00000000000000000000
 398		  4434	Not Found	0.00000000000000000000
 399		  5019	  2131	0.00000000000000000000
 400		  1822	Not Found	0.00000000000000000000
 401		  5104	  1081	0.00000000000000000000
 402		  1438	  2988	0.00000000000000000000
 403		  5910	Not Found	0.00000000000000000000
 404		  4697	Not Found	0.00000000000000000000
 405		  6395	Not Found	0.00000000000000000000
 406		  1343	Not Found	0.00000000000000000000
 407		  7016	  2287	0.00000000000000000000
 408		  2306	   972	0.00000000000000000000
 409		  5090	Not Found	0.00000000000000000000
 410		  6572	   379	0.00000000000000000000
 411		  4543	  3839	0.00000000000000000000
 412		  5987	  3875	0.00000000000000000000
 413		  1678	  2217	0.00000000000000000000
 414		  2804	   601	0.00000000000000000000
 415		  1020	Not Found	0.00000000000000000000
 416		  5092	   733	0.00000000000000000000
 417		  3677	Not Found	0.00000000000000000000
 418		  4243	  1764	0.00000000000000000000
 419		  6720	   907	0.00000000000000000000
 420		  5434	  1157	0.00000000000000000000
 421		   447	  1926	0.00000000000000000000
 422		  7108	Not Found	0.00000000000000000000
 423		  6310	Not Found	0.00000000000000000000
 424		  2203	Not Found	0.00000000000000000000
 425		  6304	Not Found	0.00000000000000000000
 426		  5015	  1196	0.00000000000000000000
 427		  4560	  2427	0.00000000000000000000
 428		   629	Not Found	0.00000000000000000000
 429		   711	   929	0.00000000000000000000
 430		  1731	Not Found	0.00000000000000000000
 431		  4711	Not Found	0.00000000000000000000
 432		  7583	Not Found	0.00000000000000000000
 433		  2878	  2408	0.00000000000000000000
 434		   381	  2497	0.00000000000000000000
 435		  5341	  2595	0.00000000000000000000
 436		  6160	  2720	0.00000000000000000000
 437		  7731	Not Found	0.00000000000000000000
 438		  1034	Not Found	0.00000000000000000000
 439		  6710	Not Found	0.00000000000000000000
 440		  2127	  3832	0.00000000000000000000
 441		  6878	  1461	0.00000000000000000000
 442		  4049	Not Found	0.00000000000000000000
 443		  7174	   661	0.00000000000000000000
 444		  1066	Not Found	0.00000000000000000000
 445		  1828	Not Found	0.00000000000000000000
 446		  2676	Not Found	0.00000000000000000000
 447		  4220	Not Found	0.00000000000000000000
 448		  5547	Not Found	0.00000000000000000000
 449		  2491	Not Found	0.00000000000000000000
 450		  6560	Not Found	0.00000000000000000000
 451		  5151	  2795	0.00000000000000000000
 452		  2376	Not Found	0.00000000000000000000
 453		  5135	Not Found	0.00000000000000000000
 454		  3363	Not Found	0.00000000000000000000
 455		  7512	Not Found	0.00000000000000000000
 456		  1434	  1059	0.00000000000000000000
 457		  2981	  1895	0.00000000000000000000
 458		  6463	Not Found	0.00000000000000000000
 459		  7985	Not Found	0.00000000000000000000
 460		  5520	   667	0.00000000000000000000
 461		  7295	  1867	0.00000000000000000000
 462		  5756	  2009	0.00000000000000000000
 463		  6620	  1656	0.00000000000000000000
 464		   869	Not Found	0.00000000000000000000
 465		  5247	Not Found	0.00000000000000000000
 466		   194	  1822	0.00000000000000000000
 467		  3575	Not Found	0.00000000000000000000
 468		  7759	Not Found	0.00000000000000000000
 469		  6863	   476	0.00000000000000000000
 470		  4710	Not Found	0.00000000000000000000
 471		  3854	Not Found	0.00000000000000000000
 472		  6586	  3596	0.00000000000000000000
 473		  4543	  3839	0.00000000000000000000
 474		  3141	Not Found	0.00000000000000000000
 475		   609	Not Found	0.00000000000000000000
 476		  7092	Not Found	0.00000000000000000000
 477		  1968	  1967	0.00000000000000000000
 478		   847	Not Found	0.00000000000000000000
 479		  5096	  3947	0.00000000000000000000
 480		  2474	Not Found	0.00000000000000000000
 481		  2610	Not Found	0.00000000000000000000
 482		  6182	  3264	0.00000000000000000000
 483		    21	Not Found	0.00000000000000000000
 484		   339	Not Found	0.00000000000000000000
 485		  1449	Not Found	0.00000000000000000000
 486		   680	Not Found	0.00000000000000000000
 487		   345	  1965	0.00000000000000000000
 488		  3627	Not Found	0.00000000000000000000
 489		  3509	  1992	0.00000000000000000000
 490		  6472	Not Found	0.00000000000000000000
 491		  7081	Not Found	0.00000000000000000000
 492		  6243	Not Found	0.00000000000000000000
 493		  4625	  3180	0.00000000000000000000
 494		  7908	  3649	0.00000000000000000000
 495		  2434	Not Found	0.00000000000000000000
 496		   343	Not Found	0.00000000000000000000
 497		  6716	  2249	0.00000000000000000000
 498		  7251	   120	0.00000000000000000000
 499		  7979	Not Found	0.00000000000000000000
 500		   512	  3186	0.00000000000000000000
 501		  5399	  3898	0.00000000000000000000
 502		  7741	  3695	0.00000000000000000000
 503		   698	Not Found	0.00000000000000000000
 504		  7595	   595	0.00000000000000000000
 505		  7311	Not Found	0.00000000000000000000
 506		  1903	   626	0.00000000000000000000
 507		  7641	Not Found	0.00000000000000000000
 508		   809	Not Found	0.00000000000000000000
 509		  5755	  2829	0.00000000000000000000
 510		  5614	   672	0.00000000000000000000
 511		  2186	Not Found	0.00000000000000000000
 512		  1225	Not Found	0.00000000000000000000
 513		  1864	Not Found	0.00000000000000000000
 514		  1036	  3054	0.00000000000000000000
 515		  7273	Not Found	0.00000000000000000000
 516		  1987	   741	0.00000000000000000000
 517		  1747	   442	0.00000000000000000000
 518		  3706	Not Found	0.00000000000000000000
 519		   753	Not Found	0.00000000000000000000
 520		  6070	  1713	0.00000000000000000000
 521		  4054	  1770	0.00000000000000000000
 522		  3037	Not Found	0.00000000000000000000
 523		   834	  3049	0.00000000000000000000
 524		  1877	  3073	0.00000000000000000000
 525		  5959	Not Found	0.00000000000000000000
 526		  1380	Not Found	0.00000000000000000000
 527		  3234	Not Found	0.00000000000000000000
 528		   348	Not Found	0.00000000000000000000
 529		  7677	Not Found	0.00000000000000000000
 530		  2264	Not Found	0.00000000000000000000
 531		     1	  3986	0.00000000000000000000
 532		  1034	Not Found	0.00000000000000000000
 533		  1685	  1961	0.00000000000000000000
 534		  7284	Not Found	0.00000000000000000000
 535		  5185	  3535	0.00000000000000000000
 536		  6282	Not Found	0.00000000000000000000
 537		  4756	Not Found	0.00000000000000000000
 538		  6264	Not Found	0.00000000000000000000
 539		   373	Not Found	0.00000000000000000000
 540		  1330	  2181	0.00000000000000000000
 541		  3277	Not Found	0.00000000000000000000
 542		  2297	Not Found	0.00000000000000000000
 543		  6185	Not Found	0.00000000000000000000
 544		  1135	Not Found	0.00000000000000000000
 545		  3206	Not Found	0.00000000000000000000
 546		  6459	   286	0.00000000000000000000
 547		  5092	   733	0.00000000000000000000
 548		  6656	  1333	0.00000000000000000000
 549		  6358	   356	0.00000000000000000000
 550		  3649	  2341	0.00000000000000000000
 551		   681	Not Found	0.00000000000000000000
 552		  4963	Not Found	0.00000000000000000000
 553		  4369	Not Found	0.00000000000000000000
 554		  3556	   297	0.00000000000000000000
 555		  7236	Not Found	0.00000000000000000000
 556		  7565	  1872	0.00000000000000000000
 557		  5288	Not Found	0.00000000000000000000
 558		  4387	   768	0.00000000000000000000
 559		  4099	Not Found	0.00000000000000000000
 560		  3678	  1398	0.00000000000000000000
 561		  7178	Not Found	0.00000000000000000000
 562		   890	Not Found	0.00000000000000000000
 563		  6402	Not Found	0.00000000000000000000
 564		  4308	  3247	0.00000000000000000000
 565		  6799	  1973	0.00000000000000000000
 566		  2294	    27	0.00000000000000000000
 567		  5419	  1626	0.00000000000000000000
 568		  4223	Not Found	0.00000000000000000000
 569		   343	Not Found	0.00000000000000000000
 570		   327	  1894	0.00000000000000000000
 571		  4990	Not Found	0.00000000000000000000
 572		  6133	Not Found	0.00000000000000000000
 573		   430	  3838	0.00000000000000000000
 574		  2775	Not Found	0.00000000000000000000
 575		  1486	Not Found	0.00000000000000000000
 576		  1990	  1173	0.00000000000000000000
 577		  6707	Not Found	0.00000000000000000000
 578		  4890	Not Found	0.00000000000000000000
 579		  3276	Not Found	0.00000000000000000000
 580		  2674	Not Found	0.00000000000000000000
 581		  5882	Not Found	0.00000000000000000000
 582		  6439	Not Found	0.00000000000000000000
 583		  1160	Not Found	0.00000000000000000000
 584		    26	Not Found	0.00000000000000000000
 585		  1326	  3981	0.00000000000000000000
 586		  7302	Not Found	0.00000000000000000000
 587		  3125	  1058	0.00000000000000000000
 588		  7285	  2547	0.00000000000000000000
 589		  2107	Not Found	0.00000000000000000000
 590		  4938	  1954	0.00000000000000000000
 591		  3501	Not Found	0.00000000000000000000
 592		  7876	   936	0.00000000000000000000
 593		  6315	Not Found	0.00000000000000000000
 594		  4192	Not Found	0.00000000000000000000
 595		   949	Not Found	0.00000000000000000000
 596		  3080	Not Found	0.00000000000000000000
 597		  4558	Not Found	0.00000000000000000000
 598		  7977	  2959	0.00000000000000000000
 599		  4737	Not Found	0.00000000000000000000
 600		  3442	Not Found	0.00000000000000000000
 601		  1888	  1598	0.00000000000000000000
 602		    69	   201	0.00000000000000000000
 603		  2683	  2071	0.00000000000000000000
 604		  1691	Not Found	0.00000000000000000000
 605		  5542	Not Found	0.00000000000000000000
 606		  1648	  1134	0.00000000000000000000
 607		   640	  3467	0.00000000000000000000
 608		  4021	Not Found	0.00000000000000000000
 609		  1561	   722	0.00000000000000000000
 610		  7250	Not Found	0.00000000000000000000
 611		  6635	   732	0.00000000000000000000
 612		  5506	  1744	0.00000000000000000000
 613		  2118	  1293	0.00000000000000000000
 614		  3793	Not Found	0.00000000000000000000
 615		  3991	Not Found	0.00000000000000000000
 616		  5124	Not Found	0.00000000000000000000
 617		  6453	Not Found	0.00000000000000000000
 618		  7722	Not Found	0.00000000000000000000
 619		   351	Not Found	0.00000000000000000000
 620		  2612	Not Found	0.00000000000000000000
 621		  7881	Not Found	0.00000000000000000000
 622		  5760	Not Found	0.00000000000000000000
 623		  3304	Not Found	0.00000000000000000000
 624		  1398	    51	0.00000000000000000000
 625		  5607	Not Found	0.00000000000000000000
 626		  5108	  1147	0.00000000000000000000
 627		  5026	  1016	0.00000000000000000000
 628		  2765	  3494	0.00000000000000000000
 629		   282	Not Found	0.00000000000000000000
 630		  1333	Not Found	0.00000000000000000000
 631		   330	  2768	0.00000000000000000000
 632		   715	Not Found	0.00000000000000000000
 633		  5559	  1460	0.00000000000000000000
 634		  6873	   341	0.00000000000000000000
 635		  6260	Not Found	0.00000000000000000000
 636		  3916	Not Found	0.00000000000000000000
 637		  1212	Not Found	0.00000000000000000000
 638		  4077	Not Found	0.00000000000000000000
 639		  5895	Not Found	0.00000000000000000000
 640		  2980	Not Found	0.00000000000000000000
 641		  6078	Not Found	0.00000000000000000000
 642		  5258	Not Found	0.00000000000000000000
 643		  1289	  1654	0.00000000000000000000
 644		   214	Not Found	0.00000000000000000000
 645		  2372	  1119	0.00000000000000000000
 646		  4457	Not Found	0.00000000000000000000
 647		  5597	   206	0.00000000000000000000
 648		  4871	   258	0.00000000000000000000
 649		  1326	  3981	0.00000000000000000000
 650		  6137	Not Found	0.00000000000000000000
 651		  1609	Not Found	0.00000000000000000000
 652		  4722	Not Found	0.00000000000000000000
 653		  6810	  1667	0.00000000000000000000
 654		  4910	Not Found	0.00000000000000000000
 655		  6141	Not Found	0.00000000000000000000
 656		  7452	     9	0.00000000000000000000
 657		  1159	Not Found	0.00000000000000000000
 658		  5979	Not Found	0.00000000000000000000
 659		  3793	Not Found	0.00000000000000000000
 660		  6539	   862	0.00000000000000000000
 661		  5563	Not Found	0.00000000000000000000
 662		  6851	Not Found	0.00000000000000000000
 663		  5391	Not Found	0.00000000000000000000
 664		  7731	Not Found	0.00000000000000000000
 665		  6179	Not Found	0.00000000000000000000
 666		   301	   891	0.00000000000000000000
 667		  6769	Not Found	0.00000000000000000000
 668		  1713	Not Found	0.00000000000000000000
 669		  7546	   150	0.00000000000000000000
 670		   246	Not Found	0.00000000000000000000
 671		   427	Not Found	0.00000000000000000000
 672		  7995	Not Found	0.00000000000000000000
 673		  2923	Not Found	0.00000000000000000000
 674		  2347	Not Found	0.00000000000000000000
 675		  4972	  3067	0.00000000000000000000
 676		  2392	  3927	0.00000000000000000000
 677		  4986	  2242	0.00000000000000000000
 678		  3735	  1311	0.00000000000000000000
 679		   866	Not Found	0.00000000000000000000
 680		   332	   268	0.00000000000000000000
 681		  7712	Not Found	0.00000000000000000000
 682		  6810	  1667	0.00000000000000000000
 683		  5372	Not Found	0.00000000000000000000
 684		    87	Not Found	0.00000000000000000000
 685		  6133	Not Found	0.00000000000000000000
 686		   699	Not Found	0.00000000000000000000
 687		  7731	Not Found	0.00000000000000000000
 688		   927	Not Found	0.00000000000000000000
 689		  2196	Not Found	0.00000000000000000000
 690		  1023	Not Found	0.00000000000000000000
 691		  2187	Not Found	0.00000000000000000000
 692		  3946	Not Found	0.00000000000000000000
 693		  1657	  3272	0.00000000000000000000
 694		  3579	  1704	0.00000000000000000000
 695		  2966	    50	0.00000000000000000000
 696		  6928	  1465	0.00000000000000000000
 697		   621	  3071	0.00000000000000000000
 698		  7014	  1525	0.00000000000000000000
 699		  2875	Not Found	0.00000000000000000000
 700		  4656	  2651	0.00000000000000000000
 701		   614	  1498	0.00000000000000000000
 702		  3826	Not Found	0.00000000000000000000
 703		  4341	Not Found	0.00000000000000000000
 704		   483	Not Found	0.00000000000000000000
 705		  4648	Not Found	0.00000000000000000000
 706		  3357	   860	0.00000000000000000000
 707		  4126	   673	0.00000000000000000000
 708		  7534	Not Found	0.00000000000000000000
 709		  1969	  2629	0.00000000000000000000
 710		  2883	  2422	0.00000000000000000000
 711		  5614	   672	0.00000000000000000000
 712		  2556	Not Found	0.00000000000000000000
 713		  2964	  3937	0.00000000000000000000
 714		  5110	Not Found	0.00000000000000000000
 715		   191	  2990	0.00000000000000000000
 716		   779	Not Found	0.00000000000000000000
 717		   292	Not Found	0.00000000000000000000
 718		   464	Not Found	0.00000000000000000000
 719		  3795	Not Found	0.00000000000000000000
 720		  6693	Not Found	0.00000000000000000000
 721		   595	  2391	0.00000000000000000000
 722		  4168	Not Found	0.00000000000000000000
 723		  4759	   368	0.00000000000000000000
 724		  2898	  3077	0.00000000000000000000
 725		  1627	Not Found	0.00000000000000000000
 726		  2820	Not Found	0.00000000000000000000
 727		   105	Not Found	0.00000000000000000000
 728		  4428	Not Found	0.00000000000000000000
 729		  2717	Not Found	0.00000000000000000000
 730		  7854	Not Found	0.00000000000000000000
 731		  4249	Not Found	0.00000000000000000000
 732		  4851	  1521	0.00000000000000000000
 733		  1225	Not Found	0.00000000000000000000
 734		  6282	Not Found	0.00000000000000000000
 735		  2668	Not Found	0.00000000000000000000
 736		     2	Not Found	0.00000000000000000000
 737		  3389	Not Found	0.00000000000000000000
 738		  3463	   623	0.00000000000000000000
 739		  1575	Not Found	0.00000000000000000000
 740		  1666	Not Found	0.00000000000000000000
 741		  1137	Not Found	0.00000000000000000000
 742		  7252	Not Found	0.00000000000000000000
 743		  6282	Not Found	0.00000000000000000000
 744		  6269	Not Found	0.00000000000000000000
 745		    18	   298	0.00000000000000000000
 746		  5812	Not Found	0.00000000000000000000
 747		  1626	Not Found	0.00000000000000000000
 748		  4470	  3115	0.00000000000000000000
 749		  4461	Not Found	0.00000000000000000000
 750		  3029	Not Found	0.00000000000000000000
 751		  1443	Not Found	0.00000000000000000000
 752		  2071	   395	0.00000000000000000000
 753		  6287	Not Found	0.00000000000000000000
 754		  3678	  1398	0.00000000000000000000
 755		  3070	Not Found	0.00000000000000000000
 756		  1835	Not Found	0.00000000000000000000
 757		  6507	   665	0.00000000000000000000
 758		   903	Not Found	0.00000000000000000000
 759		  7248	Not Found	0.00000000000000000000
 760		  1101	  1499	0.00000000000000000000
 761		  5115	  1928	0.00000000000000000000
 762		   301	   891	0.00000000000000000000
 763		  1875	Not Found	0.00000000000000000000
 764		  4768	  2307	0.00000000000000000000
 765		  5226	Not Found	0.00000000000000000000
 766		  1638	  3221	0.00000000000000000000
 767		   601	Not Found	0.00000000000000000000
 768		  5633	Not Found	0.00000000000000000000
 769		  6706	Not Found	0.00000000000000000000
 770		  1553	Not Found	0.00000000000000000000
 771		  3149	  2452	0.00000000000000000000
 772		  5178	Not Found	0.00000000000000000000
 773		  5506	  1744	0.00000000000000000000
 774		  4914	Not Found	0.00000000000000000000
 775		  5309	   376	0.00000000000000000000
 776		   185	  3041	0.00000000000000000000
 777		  4002	Not Found	0.00000000000000000000
 778		  7101	Not Found	0.00000000000000000000
 779		   853	Not Found	0.00000000000000000000
 780		  1664	Not Found	0.00000000000000000000
 781		   857	Not Found	0.00000000000000000000
 782		  2545	Not Found	0.00000000000000000000
 783		  4717	  3277	0.00000000000000000000
 784		  6365	Not Found	0.00000000000000000000
 785		  4623	Not Found	0.00000000000000000000
 786		  5991	Not Found	0.00000000000000000000
 787		  1223	Not Found	0.00000000000000000000
 788		  1565	Not Found	0.00000000000000000000
 789		  6831	Not Found	0.00000000000000000000
 790		  3947	Not Found	0.00000000000000000000
 791		   529	Not Found	0.00000000000000000000
 792		  4733	Not Found	0.00000000000000000000
 793		  4047	Not Found	0.00000000000000000000
 794		  6474	Not Found	0.00000000000000000000
 795		   818	Not Found	0.00000000000000000000
 796		  6177	  1225	0.00000000000000000000
 797		  2899	  1795	0.00000000000000000000
 798		  6636	Not Found	0.00000000000000000000
 799		  1794	Not Found	0.00000000000000000000
 800		   136	Not Found	0.00000000000000000000
 801		   206	Not Found	0.00000000000000000000
 802		  4389	Not Found	0.00000000000000000000
 803		  5530	Not Found	0.00000000000000000000
 804		    64	  3459	0.00000000000000000000
 805		   363	  1089	0.00000000000000000000
 806		  1734	  3588	0.00000000000000000000
 807		  1295	  1432	0.00000000000000000000
 808		  3926	Not Found	0.00000000000000000000
 809		  5324	Not Found	0.00000000000000000000
 810		   569	Not Found	0.00000000000000000000
 811		    57	  3770	0.00000000000000000000
 812		   465	Not Found	0.00000000000000000000
 813		  6896	Not Found	0.00000000000000000000
 814		  1421	Not Found	0.00000000000000000000
 815		   121	Not Found	0.00000000000000000000
 816		  5024	  3674	0.00000000000000000000
 817		  1306	Not Found	0.00000000000000000000
 818		  2958	Not Found	0.00000000000000000000
 819		  2938	Not Found	0.00000000000000000000
 820		  3728	    54	0.00000000000000000000
 821		  5104	  1081	0.00000000000000000000
 822		   793	Not Found	0.00000000000000000000
 823		  7478	Not Found	0.00000000000000000000
 824		  1090	Not Found	0.00000000000000000000
 825		  3937	Not Found	0.00000000000000000000
 826		  2670	Not Found	0.00000000000000000000
 827		  1916	    83	0.00000000000000000000
 828		  5213	Not Found	0.00000000000000000000
 829		  6794	  1281	0.00000000000000000000
 830		  7815	Not Found	0.00000000000000000000
 831		  6833	Not Found	0.00000000000000000000
 832		  7488	  2120	0.00000000000000000000
 833		   155	  2161	0.00000000000000000000
 834		  3368	  2413	0.00000000000000000000
 835		   406	   444	0.00000000000000000000
 836		  6843	Not Found	0.00000000000000000000
 837		  6965	Not Found	0.00000000000000000000
 838		  4600	Not Found	0.00000000000000000000
 839		  5000	  2690	0.00000000000000000000
 840		  1406	Not Found	0.00000000000000000000
 841		  3351	  1458	0.00000000000000000000
 842		  1679	Not Found	0.00000000000000000000
 843		  7501	Not Found	0.00000000000000000000
 844		  7505	Not Found	0.00000000000000000000
 845		  5498	Not Found	0.00000000000000000000
 846		  2320	Not Found	0.00000000000000000000
 847		  1549	Not Found	0.00000000000000000000
 848		  4550	Not Found	0.00000000000000000000
 849		  7161	Not Found	0.00000000000000000000
 850		  1529	Not Found	0.00000000000000000000
 851		  6943	  1359	0.00000000000000000000
 852		  3564	  2481	0.00000000000000000000
 853		  2101	  1479	0.00000000000000000000
 854		   376	  1729	0.00000000000000000000
 855		  7623	  3645	0.00000000000000000000
 856		  1158	Not Found	0.00000000000000000000
 857		  4024	Not Found	0.00000000000000000000
 858		  5825	Not Found	0.00000000000000000000
 859		  4860	  1655	0.00000000000000000000
 860		  6844	   405	0.00000000000000000000
 861		  2200	Not Found	0.00000000000000000000
 862		  1501	  1874	0.00000000000000000000
 863		  3694	   613	0.00000000000000000000
 864		  4111	  2929	0.00000000000000000000
 865		  4703	  1326	0.00000000000000000000
 866		  7301	Not Found	0.00000000000000000000
 867		  1543	   352	0.00000000000000000000
 868		  1938	  2026	0.00000000000000000000
 869		  3304	Not Found	0.00000000000000000000
 870		  6191	Not Found	0.00000000000000000000
 871		   113	Not Found	0.00000000000000000000
 872		  7448	Not Found	0.00000000000000000000
 873		  6732	Not Found	0.00000000000000000000
 874		  4072	   492	0.00000000000000000000
 875		  3225	Not Found	0.00000000000000000000
 876		  1321	Not Found	0.00000000000000000000
 877		   319	  2106	0.00000000000000000000
 878		  1699	  3173	0.00000000000000000000
 879		  3827	Not Found	0.00000000000000000000
 880		  1593	Not Found	0.00000000000000000000
 881		  4596	  1029	0.00000000000000000000
 882		  5137	Not Found	0.00000000000000000000
 883		   511	  2749	0.00000000000000000000
 884		  4378	Not Found	0.00000000000000000000
 885		  2568	Not Found	0.00000000000000000000
 886		  1585	   459	0.00000000000000000000
 887		  5578	  3729	0.00000000000000000000
 888		   368	Not Found	0.00000000000000000000
 889		   669	  2789	0.00000000000000000000
 890		  7978	   347	0.00000000000000000000
 891		  2807	Not Found	0.00000000000000000000
 892		  1637	Not Found	0.00000000000000000000
 893		  4677	Not Found	0.00000000000000000000
 894		  7511	Not Found	0.00000000000000000000
 895		  2047	Not Found	0.00000000000000000000
 896		   415	   359	0.00000000000000000000
 897		  7587	Not Found	0.00000000000000000000
 898		  1634	Not Found	0.00000000000000000000
 899		  4791	   643	0.00000000000000000000
 900		  1071	Not Found	0.00000000000000000000
 901		  7180	Not Found	0.00000000000000000000
 902		  6676	   914	0.00000000000000000000
 903		   786	Not Found	0.00000000000000000000
 904		  5324	Not Found	0.00000000000000000000
 905		  7539	Not Found	0.00000000000000000000
 906		  1259	Not Found	0.00000000000000000000
 907		  6118	Not Found	0.00000000000000000000
 908		   511	  2749	0.00000000000000000000
 909		   518	Not Found	0.00000000000000000000
 910		  4269	   857	0.00000000000000000000
 911		  1011	Not Found	0.00000000000000000000
 912		  2783	  3993	0.00000000000000000000
 913		  7443	Not Found	0.00000000000000000000
 914		  6013	   336	0.00000000000000000000
 915		  1761	Not Found	0.00000000000000000000
 916		  1536	Not Found	0.00000000000000000000
 917		  1519	Not Found	0.00000000000000000000
 918		  7404	Not Found	0.00000000000000000000
 919		  7497	  1747	0.00000000000000000000
 920		  4136	Not Found	0.00000000000000000000
 921		  4120	Not Found	0.00000000000000000000
 922		  4113	Not Found	0.00000000000000000000
 923		  6071	Not Found	0.00000000000000000000
 924		  3458	  3110	0.00000000000000000000
 925		   985	Not Found	0.00000000000000000000
 926		   220	Not Found	0.00000000000000000000
 927		  2798	   570	0.00000000000000000000
 928		    23	   703	0.00000000000000000000
 929		  6894	  2844	0.00000000000000000000
 930		  5991	Not Found	0.00000000000000000000
 931		   237	  1956	0.00000000000000000000
 932		  4793	Not Found	0.00000000000000000000
 933		  5289	  2933	0.00000000000000000000
 934		    14	Not Found	0.00000000000000000000
 935		   561	  2013	0.00000000000000000000
 936		  5825	Not Found	0.00000000000000000000
 937		  1428	Not Found	0.00000000000000000000
 938		  4161	Not Found	0.00000000000000000000
 939		  6843	Not Found	0.00000000000000000000
 940		  7740	    37	0.00000000000000000000
 941		  3992	Not Found	0.00000000000000000000
 942		   535	Not Found	0.00000000000000000000
 943		  5779	Not Found	0.00000000000000000000
 944		  7202	   226	0.00000000000000000000
 945		  1118	Not Found	0.00000000000000000000
 946		   101	Not Found	0.00000000000000000000
 947		   589	  1396	0.00000000000000000000
 948		  2312	  2880	0.00000000000000000000
 949		  5939	  2633	0.00000000000000000000
 950		  3536	Not Found	0.00000000000000000000
 951		  3851	Not Found	0.00000000000000000000
 952		  1558	Not Found	0.00000000000000000000
 953		  5745	Not Found	0.00000000000000000000
 954		  6623	  1262	0.00000000000000000000
 955		  3203	Not Found	0.00000000000000000000
 956		  4538	  3072	0.00000000000000000000
 957		  7388	Not Found	0.00000000000000000000
 958		  2261	Not Found	0.00000000000000000000
 959		  7939	  3891	0.00000000000000000000
 960		  6238	  1463	0.00000000000000000000
 961		  7370	   819	0.00000000000000000000
 962		  7869	Not Found	0.00000000000000000000
 963		   818	Not Found	0.00000000000000000000
 964		    24	Not Found	0.00000000000000000000
 965		   135	Not Found	0.00000000000000000000
 966		  5958	  2712	0.00000000000000000000
 967		   216	  1388	0.00000000000000000000
 968		  1889	Not Found	0.00000000000000000000
 969		  7479	Not Found	0.00000000000000000000
 970		  1105	Not Found	0.00000000000000000000
 971		  1377	Not Found	0.00000000000000000000
 972		  3273	  3390	0.00000000000000000000
 973		  6141	Not Found	0.00000000000000000000
 974		  6025	Not Found	0.00000000000000000000
 975		  3741	Not Found	0.00000000000000000000
 976		  7913	  3985	0.00000000000000000000
 977		  7388	Not Found	0.00000000000000000000
 978		   755	   474	0.00000000000000000000
 979		   204	Not Found	0.00000000000000000000
 980		  5272	  1109	0.00000000000000000000
 981		  2780	Not Found	0.00000000000000000000
 982		  1477	Not Found	0.00000000000000000000
 983		  1881	Not Found	0.00000000000000000000
 984		  6946	Not Found	0.00000000000000000000
 985		   496	Not Found	0.00000000000000000000
 986		  3772	Not Found	0.00000000000000000000
 987		  4836	  2396	0.00000000000000000000
 988		  5941	Not Found	0.00000000000000000000
 989		  4885	Not Found	0.00000000000000000000
 990		  4521	  2370	0.00000000000000000000
 991		  3460	Not Found	0.00000000000000000000
 992		  7582	Not Found	0.00000000000000000000
 993		  2109	   555	0.00000000000000000000
 994		  3404	   970	0.00000000000000000000
 995		    13	Not Found	0.00000000000000000000
 996		  5748	  3702	0.00000000000000000000
 997		  6189	   747	0.00000000000000000000
 998		  2979	Not Found	0.00000000000000000000
 999		  1614	  3821	0.00000000000000000000
1000		  5203	  2226	0.00000000000000000000
