LINEAR SEARCH ANALYSIS
Array Size = 13000
-------------------------------------------
Iteration	Key	Index	Time (sec)
-------------------------------------------
   1		 15662	Not Found	0.00000000000000000000
   2		 19995	  4298	0.00000000000000000000
   3		 21815	  3629	0.00000000000000000000
   4		 14061	  8942	0.00000000000000000000
   5		  6407	Not Found	0.00000000000000000000
   6		 11107	 10600	0.00000000000000000000
   7		  5506	Not Found	0.00000000000000000000
   8		  9597	Not Found	0.00000000000000000000
   9		 18121	Not Found	0.00000000000000000000
  10		  5343	  4344	0.00000000000000000000
  11		  1983	  9058	0.00000000000000000000
  12		 11755	Not Found	0.00000000000000000000
  13		  6223	Not Found	0.00000000000000000000
  14		 11435	Not Found	0.00000000000000000000
  15		 11377	Not Found	0.00000000000000000000
  16		  4159	 12444	0.00000000000000000000
  17		 11877	Not Found	0.00000000000000000000
  18		 24180	Not Found	0.00000000000000000000
  19		 14646	Not Found	0.00000000000000000000
  20		  2253	   525	0.00000000000000000000
  21		 22620	Not Found	0.00000000000000000000
  22		 21733	Not Found	0.00000000000000000000
  23		  1421	  8828	0.00000000000000000000
  24		 23725	Not Found	0.00000000000000000000
  25		  9280	Not Found	0.00000000000000000000
  26		  3565	Not Found	0.00000000000000000000
  27		  4134	  3105	0.00000000000000000000
  28		  2668	Not Found	0.00000000000000000000
  29		  7353	Not Found	0.00000000000000000000
  30		  5797	  1686	0.00000000000000000000
  31		 14809	Not Found	0.00000000000000000000
  32		  3441	  7693	0.00000000000000000000
  33		  7727	Not Found	0.00000000000000000000
  34		  7137	Not Found	0.00000000000000000000
  35		 23433	Not Found	0.00000000000000000000
  36		  3843	Not Found	0.00000000000000000000
  37		  1841	Not Found	0.00000000000000000000
  38		   886	   784	0.00000000000000000000
  39		  7642	Not Found	0.00000000000000000000
  40		  1049	  3683	0.00000000000000000000
  41		 18456	Not Found	0.00000000000000000000
  42		 18715	Not Found	0.00000000000000000000
  43		  2945	  1235	0.00000000000000000000
  44		 11953	 11691	0.00000000000000000000
  45		  5607	  1883	0.00000000000000000000
  46		  6290	  1782	0.00000000000000000000
  47		  5563	  5227	0.00000000000000000000
  48		  3685	  3613	0.00000000000000000000
  49		 17526	Not Found	0.00000000000000000000
  50		 17064	Not Found	0.00000000000000000000
  51		 23393	Not Found	0.00000000000000000000
  52		  2666	  6146	0.00000000000000000000
  53		  3024	Not Found	0.00000000000000000000
  54		  2459	  2189	0.00000000000000000000
  55		 16842	Not Found	0.00000000000000000000
  56		 21563	Not Found	0.00000000000000000000
  57		 15577	Not Found	0.00000000000000000000
  58		  2764	Not Found	0.00000000000000000000
  59		   161	  3206	0.00000000000000000000
  60		  2631	Not Found	0.00100000000000000000
  61		 10548	Not Found	0.00000000000000000000
  62		  5909	  3251	0.00000000000000000000
  63		   857	Not Found	0.00000000000000000000
  64		  2342	Not Found	0.00000000000000000000
  65		 16995	Not Found	0.00000000000000000000
  66		 21325	Not Found	0.00000000000000000000
  67		  2862	Not Found	0.00000000000000000000
  68		 14433	Not Found	0.00000000000000000000
  69		 13360	Not Found	0.00000000000000000000
  70		  2857	  2692	0.00000000000000000000
  71		 15534	Not Found	0.00000000000000000000
  72		 24531	Not Found	0.00000000000000000000
  73		  6332	Not Found	0.00000000000000000000
  74		  3781	Not Found	0.00000000000000000000
  75		  8776	  9582	0.00000000000000000000
  76		  6906	Not Found	0.00000000000000000000
  77		 20791	Not Found	0.00000000000000000000
  78		  5556	Not Found	0.00000000000000000000
  79		  5251	  3851	0.00000000000000000000
  80		 16674	Not Found	0.00000000000000000000
  81		 12895	Not Found	0.00000000000000000000
  82		 25236	  4729	0.00000000000000000000
  83		   162	Not Found	0.00000000000000000000
  84		 11045	Not Found	0.00000000000000000000
  85		 11148	Not Found	0.00000000000000000000
  86		 16566	Not Found	0.00000000000000000000
  87		 15238	  6763	0.00000000000000000000
  88		 25563	 12063	0.00000000000000000000
  89		  2427	  8370	0.00000000000000000000
  90		 16877	  9717	0.00000000000000000000
  91		 19733	Not Found	0.00000000000000000000
  92		 15576	Not Found	0.00000000000000000000
  93		  2105	Not Found	0.00000000000000000000
  94		  6372	   201	0.00000000000000000000
  95		 13674	  4574	0.00000000000000000000
  96		  6999	Not Found	0.00000000000000000000
  97		 14356	Not Found	0.00000000000000000000
  98		  1012	  5198	0.00000000000000000000
  99		  9389	Not Found	0.00000000000000000000
 100		  4465	Not Found	0.00000000000000000000
 101		  2652	  1428	0.00000000000000000000
 102		 21542	Not Found	0.00000000000000000000
 103		 17045	Not Found	0.00000000000000000000
 104		  6035	Not Found	0.00000000000000000000
 105		  1823	Not Found	0.00000000000000000000
 106		  4679	Not Found	0.00000000000000000000
 107		  3882	Not Found	0.00000000000000000000
 108		  5278	Not Found	0.00000000000000000000
 109		 21509	  8238	0.00000000000000000000
 110		  4218	  1685	0.00000000000000000000
 111		 16592	Not Found	0.00000000000000000000
 112		 20400	  4132	0.00000000000000000000
 113		  4201	  1553	0.00000000000000000000
 114		  5474	Not Found	0.00000000000000000000
 115		 17281	  3592	0.00000000000000000000
 116		  2740	   172	0.00000000000000000000
 117		   201	  5646	0.00000000000000000000
 118		  3551	Not Found	0.00000000000000000000
 119		 15706	Not Found	0.00000000000000000000
 120		  5861	Not Found	0.00000000000000000000
 121		 22384	Not Found	0.00000000000000000000
 122		 15048	Not Found	0.00000000000000000000
 123		 15449	Not Found	0.00000000000000000000
 124		 23433	Not Found	0.00000000000000000000
 125		 24130	Not Found	0.00000000000000000000
 126		  4459	 10289	0.00000000000000000000
 127		  3029	  5608	0.00000000000000000000
 128		  8908	 11716	0.00000000000000000000
 129		  8584	Not Found	0.00000000000000000000
 130		  6065	Not Found	0.00000000000000000000
 131		  7310	Not Found	0.00000000000000000000
 132		 23706	Not Found	0.00000000000000000000
 133		 25213	Not Found	0.00000000000000000000
 134		 10485	Not Found	0.00000000000000000000
 135		  3735	Not Found	0.00000000000000000000
 136		 11841	Not Found	0.00000000000000000000
 137		 10887	Not Found	0.00000000000000000000
 138		  6022	Not Found	0.00000000000000000000
 139		 25521	Not Found	0.00000000000000000000
 140		 14261	Not Found	0.00000000000000000000
 141		  5770	  3698	0.00000000000000000000
 142		  9675	Not Found	0.00000000000000000000
 143		 23434	Not Found	0.00000000000000000000
 144		  7046	 11704	0.00000000000000000000
 145		  2777	  3178	0.00000000000000000000
 146		  4263	  2967	0.00000000000000000000
 147		  3318	    45	0.00000000000000000000
 148		 17168	Not Found	0.00000000000000000000
 149		 16127	 10623	0.00000000000000000000
 150		  2238	  3686	0.00000000000000000000
 151		  8268	   940	0.00000000000000000000
 152		 13042	  7853	0.00000000000000000000
 153		  2046	  9497	0.00000000000000000000
 154		 22294	 11148	0.00000000000000000000
 155		 24453	  5221	0.00000000000000000000
 156		   961	  6607	0.00000000000000000000
 157		 16998	Not Found	0.00000000000000000000
 158		  6305	  5499	0.00000000000000000000
 159		 25312	Not Found	0.00000000000000000000
 160		 21245	Not Found	0.00000000000000000000
 161		 13575	Not Found	0.00000000000000000000
 162		 23290	Not Found	0.00000000000000000000
 163		  7002	  7314	0.00000000000000000000
 164		 16451	Not Found	0.00000000000000000000
 165		   970	  1223	0.00000000000000000000
 166		  2254	  3394	0.00000000000000000000
 167		  3628	  5566	0.00000000000000000000
 168		 19141	Not Found	0.00000000000000000000
 169		 25373	Not Found	0.00000000000000000000
 170		 21229	  9549	0.00000000000000000000
 171		 25957	Not Found	0.00000000000000000000
 172		  8952	   942	0.00000000000000000000
 173		  5550	Not Found	0.00000000000000000000
 174		 12192	  2303	0.00000000000000000000
 175		 19017	Not Found	0.00000000000000000000
 176		 17548	Not Found	0.00000000000000000000
 177		 25082	   491	0.00000000000000000000
 178		 25662	Not Found	0.00000000000000000000
 179		  4154	Not Found	0.00000000000000000000
 180		  1809	  7943	0.00000000000000000000
 181		  3142	Not Found	0.00000000000000000000
 182		 19706	Not Found	0.00000000000000000000
 183		 12647	  9687	0.00000000000000000000
 184		 16440	Not Found	0.00000000000000000000
 185		  4206	  8348	0.00000000000000000000
 186		 22271	Not Found	0.00000000000000000000
 187		  5666	   230	0.00000000000000000000
 188		 14055	Not Found	0.00000000000000000000
 189		 13820	  9597	0.00000000000000000000
 190		 24767	Not Found	0.00000000000000000000
 191		 17382	Not Found	0.00000000000000000000
 192		  7634	Not Found	0.00000000000000000000
 193		 15579	Not Found	0.00000000000000000000
 194		  3831	  6641	0.00000000000000000000
 195		  6152	Not Found	0.00000000000000000000
 196		 18134	Not Found	0.00000000000000000000
 197		  8124	Not Found	0.00000000000000000000
 198		  4439	 10348	0.00000000000000000000
 199		 14605	Not Found	0.00000000000000000000
 200		 14343	  8161	0.00000000000000000000
 201		 21945	Not Found	0.00000000000000000000
 202		  4194	  8268	0.00000000000000000000
 203		  3533	Not Found	0.00000000000000000000
 204		  2509	Not Found	0.00000000000000000000
 205		 22328	Not Found	0.00000000000000000000
 206		  8753	  1008	0.00000000000000000000
 207		   278	Not Found	0.00000000000000000000
 208		  3754	  1135	0.00000000000000000000
 209		  1155	   900	0.00000000000000000000
 210		   668	  2267	0.00000000000000000000
 211		 21284	   813	0.00000000000000000000
 212		   975	  1684	0.00000000000000000000
 213		  4966	Not Found	0.00000000000000000000
 214		  5291	Not Found	0.00000000000000000000
 215		 12720	Not Found	0.00000000000000000000
 216		   304	Not Found	0.00000000000000000000
 217		  5240	  5272	0.00000000000000000000
 218		 16042	Not Found	0.00000000000000000000
 219		  3623	    49	0.00000000000000000000
 220		 23141	Not Found	0.00000000000000000000
 221		 10445	  2390	0.00000000000000000000
 222		 14956	Not Found	0.00000000000000000000
 223		 17020	Not Found	0.00000000000000000000
 224		  6451	   168	0.00000000000000000000
 225		  5963	  7362	0.00000000000000000000
 226		  1009	 12028	0.00000000000000000000
 227		 21456	Not Found	0.00000000000000000000
 228		 24250	Not Found	0.00000000000000000000
 229		 23147	Not Found	0.00000000000000000000
 230		 25659	Not Found	0.00100000000000000000
 231		  6545	 12577	0.00000000000000000000
 232		 25839	Not Found	0.00000000000000000000
 233		 21923	Not Found	0.00000000000000000000
 234		  3149	Not Found	0.00000000000000000000
 235		  2673	Not Found	0.00000000000000000000
 236		 13389	  2118	0.00000000000000000000
 237		  1090	 12146	0.00000000000000000000
 238		  4133	 12294	0.00000000000000000000
 239		   616	 10996	0.00000000000000000000
 240		 25032	Not Found	0.00000000000000000000
 241		  2923	Not Found	0.00000000000000000000
 242		 14460	Not Found	0.00000000000000000000
 243		  9677	Not Found	0.00000000000000000000
 244		   883	Not Found	0.00000000000000000000
 245		   982	Not Found	0.00000000000000000000
 246		 13355	Not Found	0.00000000000000000000
 247		 22065	Not Found	0.00000000000000000000
 248		  4402	  9943	0.00000000000000000000
 249		 25107	 11592	0.00000000000000000000
 250		 22080	Not Found	0.00000000000000000000
 251		 16332	Not Found	0.00000000000000000000
 252		 14242	Not Found	0.00000000000000000000
 253		 24225	Not Found	0.00000000000000000000
 254		  5313	  5461	0.00000000000000000000
 255		   172	 12356	0.00000000000000000000
 256		  6520	Not Found	0.00000000000000000000
 257		 13982	  6001	0.00000000000000000000
 258		   784	 11305	0.00000000000000000000
 259		 25227	Not Found	0.00000000000000000000
 260		 23127	Not Found	0.00000000000000000000
 261		 16943	  7601	0.00000000000000000000
 262		 10016	Not Found	0.00000000000000000000
 263		 17488	Not Found	0.00000000000000000000
 264		 25702	Not Found	0.00000000000000000000
 265		 18978	  6066	0.00000000000000000000
 266		    39	   555	0.00000000000000000000
 267		 15577	Not Found	0.00000000000000000000
 268		  1953	  2961	0.00000000000000000000
 269		 24786	  1206	0.00000000000000000000
 270		  4133	 12294	0.00000000000000000000
 271		 23288	Not Found	0.00000000000000000000
 272		 18894	Not Found	0.00000000000000000000
 273		 16971	 12166	0.00000000000000000000
 274		 12548	Not Found	0.00000000000000000000
 275		  9915	Not Found	0.00000000000000000000
 276		 24739	  2274	0.00000000000000000000
 277		  6687	Not Found	0.00000000000000000000
 278		  8816	Not Found	0.00000000000000000000
 279		 18417	Not Found	0.00000000000000000000
 280		 17879	  8052	0.00000000000000000000
 281		  5193	Not Found	0.00000000000000000000
 282		 10728	  2704	0.00000000000000000000
 283		  4185	Not Found	0.00000000000000000000
 284		  5750	  4810	0.00000000000000000000
 285		  2479	Not Found	0.00000000000000000000
 286		  4997	  1568	0.00000000000000000000
 287		  5245	  5084	0.00000000000000000000
 288		 11577	Not Found	0.00000000000000000000
 289		  8477	 10591	0.00000000000000000000
 290		 20059	     4	0.00000000000000000000
 291		  8783	Not Found	0.00000000000000000000
 292		  2693	Not Found	0.00000000000000000000
 293		 21456	Not Found	0.00000000000000000000
 294		   943	  5656	0.00000000000000000000
 295		 23635	Not Found	0.00000000000000000000
 296		  1986	  1098	0.00000000000000000000
 297		 11903	 12598	0.00000000000000000000
 298		  6680	  7934	0.00000000000000000000
 299		 14990	  3460	0.00000000000000000000
 300		  5087	Not Found	0.00000000000000000000
 301		 15873	  3128	0.00000000000000000000
 302		 15576	Not Found	0.00000000000000000000
 303		 10781	Not Found	0.00000000000000000000
 304		  4372	Not Found	0.00000000000000000000
 305		  7931	Not Found	0.00000000000000000000
 306		 23388	Not Found	0.00000000000000000000
 307		 10360	  3597	0.00000000000000000000
 308		  4889	Not Found	0.00000000000000000000
 309		  4937	Not Found	0.00000000000000000000
 310		  2850	  8173	0.00000000000000000000
 311		  9208	Not Found	0.00000000000000000000
 312		 14165	Not Found	0.00000000000000000000
 313		  1696	  1267	0.00000000000000000000
 314		  2507	Not Found	0.00000000000000000000
 315		 17815	Not Found	0.00000000000000000000
 316		 14585	Not Found	0.00000000000000000000
 317		 18033	Not Found	0.00000000000000000000
 318		  4961	  1085	0.00000000000000000000
 319		  2040	  2476	0.00000000000000000000
 320		  9646	Not Found	0.00000000000000000000
 321		  2944	  4029	0.00000000000000000000
 322		  7307	Not Found	0.00000000000000000000
 323		 16295	Not Found	0.00000000000000000000
 324		 14940	Not Found	0.00000000000000000000
 325		 24597	 11560	0.00000000000000000000
 326		 10127	Not Found	0.00000000000000000000
 327		  4881	  3678	0.00000000000000000000
 328		 23197	  4558	0.00000000000000000000
 329		  4611	  4596	0.00000000000000000000
 330		  5991	Not Found	0.00000000000000000000
 331		 19735	  9151	0.00000000000000000000
 332		  7281	Not Found	0.00000000000000000000
 333		 22311	Not Found	0.00000000000000000000
 334		 13543	  3910	0.00000000000000000000
 335		  6511	Not Found	0.00000000000000000000
 336		 15411	Not Found	0.00000000000000000000
 337		 17859	Not Found	0.00000000000000000000
 338		  1309	  2782	0.00000000000000000000
 339		 12684	  5512	0.00000000000000000000
 340		  3275	  2753	0.00000000000000000000
 341		 14700	Not Found	0.00000000000000000000
 342		 20122	  6439	0.00000000000000000000
 343		  5567	Not Found	0.00000000000000000000
 344		 14374	Not Found	0.00000000000000000000
 345		 25009	  9039	0.00000000000000000000
 346		  2576	Not Found	0.00000000000000000000
 347		  4701	Not Found	0.00000000000000000000
 348		 25571	Not Found	0.00000000000000000000
 349		  9213	  5456	0.00000000000000000000
 350		 10717	Not Found	0.00000000000000000000
 351		 22819	Not Found	0.00000000000000000000
 352		  3663	Not Found	0.00000000000000000000
 353		 21695	Not Found	0.00000000000000000000
 354		   711	 11708	0.00000000000000000000
 355		  6936	Not Found	0.00000000000000000000
 356		 14228	  3637	0.00000000000000000000
 357		  3015	Not Found	0.00000000000000000000
 358		 17512	  4441	0.00000000000000000000
 359		  9282	Not Found	0.00000000000000000000
 360		 11053	Not Found	0.00000000000000000000
 361		  6131	Not Found	0.00000000000000000000
 362		 11837	Not Found	0.00000000000000000000
 363		  3180	  6339	0.00000000000000000000
 364		  6157	Not Found	0.00000000000000000000
 365		 22028	Not Found	0.00000000000000000000
 366		  6905	Not Found	0.00000000000000000000
 367		 24822	  3264	0.00000000000000000000
 368		  4705	Not Found	0.00000000000000000000
 369		  2395	    35	0.00000000000000000000
 370		 22047	Not Found	0.00000000000000000000
 371		  5869	Not Found	0.00000000000000000000
 372		 15907	  7223	0.00000000000000000000
 373		 16608	Not Found	0.00000000000000000000
 374		  2623	Not Found	0.00000000000000000000
 375		 21245	Not Found	0.00000000000000000000
 376		 22832	Not Found	0.00000000000000000000
 377		  4804	 10286	0.00000000000000000000
 378		   736	  4069	0.00000000000000000000
 379		  3636	  3135	0.00000000000000000000
 380		 22060	 12476	0.00000000000000000000
 381		  7084	Not Found	0.00000000000000000000
 382		  8496	  6539	0.00000000000000000000
 383		  5240	  5272	0.00000000000000000000
 384		 12549	Not Found	0.00000000000000000000
 385		  3697	Not Found	0.00000000000000000000
 386		 23096	  3684	0.00000000000000000000
 387		 18732	Not Found	0.00000000000000000000
 388		 18981	Not Found	0.00000000000000000000
 389		 20398	Not Found	0.00000000000000000000
 390		  4068	  1476	0.00000000000000000000
 391		 24127	  9176	0.00000000000000000000
 392		   492	 11859	0.00000000000000000000
 393		  4618	Not Found	0.00000000000000000000
 394		  3489	Not Found	0.00000000000000000000
 395		 23238	Not Found	0.00000000000000000000
 396		 10333	Not Found	0.00000000000000000000
 397		 14455	  4465	0.00000000000000000000
 398		  5559	Not Found	0.00000000000000000000
 399		 11451	   297	0.00000000000000000000
 400		  5399	   101	0.00000000000000000000
 401		   298	Not Found	0.00000000000000000000
 402		 22745	Not Found	0.00000000000000000000
 403		  4677	Not Found	0.00000000000000000000
 404		  5623	  9331	0.00100000000000000000
 405		 19564	Not Found	0.00000000000000000000
 406		  3066	  5990	0.00000000000000000000
 407		  9226	  9875	0.00000000000000000000
 408		 20317	Not Found	0.00000000000000000000
 409		 19408	Not Found	0.00000000000000000000
 410		  4195	  6203	0.00000000000000000000
 411		 13651	Not Found	0.00000000000000000000
 412		 19772	Not Found	0.00000000000000000000
 413		  5446	  8957	0.00000000000000000000
 414		 25091	Not Found	0.00000000000000000000
 415		 20655	Not Found	0.00000000000000000000
 416		  5670	Not Found	0.00000000000000000000
 417		  3807	Not Found	0.00000000000000000000
 418		 16390	  8049	0.00000000000000000000
 419		  4714	Not Found	0.00000000000000000000
 420		 14455	  4465	0.00000000000000000000
 421		  4866	Not Found	0.00000000000000000000
 422		 17321	  8872	0.00000000000000000000
 423		  6559	  5121	0.00000000000000000000
 424		  9664	  4530	0.00000000000000000000
 425		  5807	Not Found	0.00000000000000000000
 426		 22860	  6860	0.00000000000000000000
 427		  1900	Not Found	0.00000000000000000000
 428		  3096	  1889	0.00000000000000000000
 429		 20530	Not Found	0.00000000000000000000
 430		 20424	Not Found	0.00000000000000000000
 431		  7365	  1084	0.00000000000000000000
 432		  1086	   472	0.00000000000000000000
 433		  3449	Not Found	0.00000000000000000000
 434		  3188	Not Found	0.00000000000000000000
 435		 17947	Not Found	0.00000000000000000000
 436		  6097	Not Found	0.00000000000000000000
 437		 21210	  5357	0.00000000000000000000
 438		 24259	 12419	0.00000000000000000000
 439		 23423	Not Found	0.00000000000000000000
 440		  3587	Not Found	0.00000000000000000000
 441		  3039	Not Found	0.00000000000000000000
 442		  4800	 10960	0.00000000000000000000
 443		 22162	  5693	0.00000000000000000000
 444		  1260	Not Found	0.00000000000000000000
 445		 19603	 12329	0.00000000000000000000
 446		 22781	Not Found	0.00000000000000000000
 447		 14110	Not Found	0.00000000000000000000
 448		    75	 11966	0.00000000000000000000
 449		  2930	Not Found	0.00000000000000000000
 450		  5464	  8818	0.00000000000000000000
 451		  3530	Not Found	0.00000000000000000000
 452		 11506	Not Found	0.00000000000000000000
 453		 10043	  9787	0.00000000000000000000
 454		  7519	  3846	0.00000000000000000000
 455		 15722	Not Found	0.00000000000000000000
 456		   403	  3834	0.00000000000000000000
 457		  1321	Not Found	0.00000000000000000000
 458		  4965	  3368	0.00000000000000000000
 459		 16934	Not Found	0.00000000000000000000
 460		  5797	  1686	0.00000000000000000000
 461		 17155	Not Found	0.00000000000000000000
 462		  4678	  8904	0.00000000000000000000
 463		 17692	Not Found	0.00000000000000000000
 464		 17340	  3861	0.00000000000000000000
 465		 22385	  1097	0.00000000000000000000
 466		 25799	Not Found	0.00000000000000000000
 467		 15832	  7130	0.00000000000000000000
 468		 24600	Not Found	0.00000000000000000000
 469		  7920	Not Found	0.00000000000000000000
 470		 10193	Not Found	0.00000000000000000000
 471		 23139	Not Found	0.00000000000000000000
 472		 17084	Not Found	0.00000000000000000000
 473		  4727	Not Found	0.00000000000000000000
 474		 11808	Not Found	0.00000000000000000000
 475		  2825	  7396	0.00000000000000000000
 476		 13138	  2361	0.00000000000000000000
 477		 20827	 10006	0.00000000000000000000
 478		  4407	  7016	0.00000000000000000000
 479		  5583	   659	0.00000000000000000000
 480		  3869	Not Found	0.00000000000000000000
 481		   624	  2485	0.00000000000000000000
 482		  6598	 11232	0.00000000000000000000
 483		  7301	Not Found	0.00000000000000000000
 484		 13823	  9101	0.00000000000000000000
 485		 20593	Not Found	0.00000000000000000000
 486		 24239	Not Found	0.00000000000000000000
 487		  9385	Not Found	0.00000000000000000000
 488		  9292	Not Found	0.00000000000000000000
 489		  1441	  3626	0.00000000000000000000
 490		   533	  2137	0.00000000000000000000
 491		 10188	  9607	0.00000000000000000000
 492		 12318	  6180	0.00000000000000000000
 493		  2739	Not Found	0.00000000000000000000
 494		 16518	 11950	0.00000000000000000000
 495		 11721	Not Found	0.00000000000000000000
 496		 23419	Not Found	0.00000000000000000000
 497		 19687	Not Found	0.00000000000000000000
 498		 14411	Not Found	0.00000000000000000000
 499		  1027	Not Found	0.00000000000000000000
 500		  9236	Not Found	0.00000000000000000000
 501		 20343	Not Found	0.00000000000000000000
 502		 10957	 10697	0.00000000000000000000
 503		  4142	Not Found	0.00000000000000000000
 504		 23999	Not Found	0.00000000000000000000
 505		  1697	Not Found	0.00000000000000000000
 506		 19114	  7862	0.00000000000000000000
 507		 14913	Not Found	0.00000000000000000000
 508		  4391	  7138	0.00000000000000000000
 509		  1893	  8455	0.00000000000000000000
 510		 12296	Not Found	0.00000000000000000000
 511		 24442	Not Found	0.00000000000000000000
 512		 12994	 12807	0.00000000000000000000
 513		 15105	  2728	0.00000000000000000000
 514		   410	Not Found	0.00000000000000000000
 515		  3298	Not Found	0.00000000000000000000
 516		 17924	  1810	0.00000000000000000000
 517		 15611	Not Found	0.00000000000000000000
 518		 19777	Not Found	0.00000000000000000000
 519		  7779	Not Found	0.00000000000000000000
 520		 16595	Not Found	0.00000000000000000000
 521		  1263	Not Found	0.00000000000000000000
 522		 12164	Not Found	0.00000000000000000000
 523		  8055	Not Found	0.00000000000000000000
 524		 17210	Not Found	0.00000000000000000000
 525		  3962	Not Found	0.00000000000000000000
 526		 24706	Not Found	0.00000000000000000000
 527		 21203	Not Found	0.00000000000000000000
 528		  4561	Not Found	0.00000000000000000000
 529		  2598	   308	0.00000000000000000000
 530		 14263	Not Found	0.00000000000000000000
 531		  2004	  5641	0.00000000000000000000
 532		 11709	Not Found	0.00000000000000000000
 533		 22326	  4009	0.00000000000000000000
 534		 12126	Not Found	0.00000000000000000000
 535		  4360	  5257	0.00000000000000000000
 536		  2436	  9615	0.00000000000000000000
 537		 20453	Not Found	0.00000000000000000000
 538		  5255	  4791	0.00000000000000000000
 539		  6705	  4482	0.00000000000000000000
 540		 20836	Not Found	0.00000000000000000000
 541		  9850	  5302	0.00000000000000000000
 542		  6105	  9450	0.00000000000000000000
 543		  6517	  7122	0.00000000000000000000
 544		 14452	Not Found	0.00000000000000000000
 545		 16639	  4025	0.00000000000000000000
 546		  5225	Not Found	0.00000000000000000000
 547		  3497	   509	0.00000000000000000000
 548		 13163	Not Found	0.00000000000000000000
 549		  2466	Not Found	0.00000000000000000000
 550		 12988	Not Found	0.00000000000000000000
 551		  2064	Not Found	0.00000000000000000000
 552		 11792	Not Found	0.00000000000000000000
 553		  7771	  7673	0.00000000000000000000
 554		  1097	 10473	0.00000000000000000000
 555		 24238	Not Found	0.00000000000000000000
 556		 13553	Not Found	0.00000000000000000000
 557		  9167	  1748	0.00000000000000000000
 558		  4722	    68	0.00000000000000000000
 559		  9282	Not Found	0.00000000000000000000
 560		   456	  9640	0.00000000000000000000
 561		 16245	Not Found	0.00000000000000000000
 562		  3236	  7326	0.00000000000000000000
 563		  2852	Not Found	0.00000000000000000000
 564		 17787	Not Found	0.00000000000000000000
 565		  5991	Not Found	0.00000000000000000000
 566		   301	  1202	0.00000000000000000000
 567		  6650	  5306	0.00000000000000000000
 568		 12019	  6962	0.00000000000000000000
 569		  8923	Not Found	0.00000000000000000000
 570		  5710	Not Found	0.00000000000000000000
 571		 11025	  5721	0.00000000000000000000
 572		  9583	  5440	0.00000000000000000000
 573		 14946	Not Found	0.00000000000000000000
 574		 23442	Not Found	0.00000000000000000000
 575		 21338	  5839	0.00000000000000000000
 576		 10154	 11114	0.00000000000000000000
 577		 20144	Not Found	0.00000000000000000000
 578		 10478	Not Found	0.00000000000000000000
 579		 15027	Not Found	0.00000000000000000000
 580		 14490	Not Found	0.00000000000000000000
 581		 10030	 10493	0.00000000000000000000
 582		 23752	Not Found	0.00000000000000000000
 583		 18792	  4081	0.00000000000000000000
 584		   347	 11681	0.00000000000000000000
 585		   301	  1202	0.00000000000000000000
 586		 17213	 11808	0.00000000000000000000
 587		 20218	Not Found	0.00000000000000000000
 588		   795	Not Found	0.00000000000000000000
 589		  3276	  1446	0.00000000000000000000
 590		  5373	  6325	0.00000000000000000000
 591		  1567	 12970	0.00000000000000000000
 592		  8007	Not Found	0.00000000000000000000
 593		 12571	  5862	0.00000000000000000000
 594		 15082	Not Found	0.00000000000000000000
 595		  6665	  4541	0.00000000000000000000
 596		  6070	  2240	0.00000000000000000000
 597		 23424	  2448	0.00000000000000000000
 598		  2642	Not Found	0.00000000000000000000
 599		  4331	 10729	0.00000000000000000000
 600		 23284	Not Found	0.00000000000000000000
 601		 24154	  2229	0.00000000000000000000
 602		 13528	Not Found	0.00000000000000000000
 603		 16314	  9668	0.00000000000000000000
 604		  8882	Not Found	0.00000000000000000000
 605		  8933	Not Found	0.00000000000000000000
 606		 19242	Not Found	0.00000000000000000000
 607		 11057	Not Found	0.00000000000000000000
 608		 17996	Not Found	0.00000000000000000000
 609		 12894	  5385	0.00000000000000000000
 610		 10542	Not Found	0.00000000000000000000
 611		  5255	  4791	0.00000000000000000000
 612		  3691	Not Found	0.00000000000000000000
 613		 23143	  6690	0.00000000000000000000
 614		  7438	Not Found	0.00000000000000000000
 615		 23748	  8301	0.00000000000000000000
 616		  2636	Not Found	0.00000000000000000000
 617		  2844	Not Found	0.00000000000000000000
 618		  4567	Not Found	0.00000000000000000000
 619		  3554	  5779	0.00000000000000000000
 620		  9680	  2249	0.00000000000000000000
 621		  5175	   121	0.00000000000000000000
 622		 10956	Not Found	0.00000000000000000000
 623		 20593	Not Found	0.00000000000000000000
 624		 14101	  2637	0.00000000000000000000
 625		 14177	  3054	0.00000000000000000000
 626		 10496	Not Found	0.00000000000000000000
 627		  3853	   438	0.00000000000000000000
 628		 13526	   968	0.00000000000000000000
 629		 24986	Not Found	0.00000000000000000000
 630		 20260	Not Found	0.00000000000000000000
 631		   116	Not Found	0.00000000000000000000
 632		 15983	Not Found	0.00000000000000000000
 633		  4011	Not Found	0.00000000000000000000
 634		 14237	Not Found	0.00000000000000000000
 635		  4019	  5688	0.00000000000000000000
 636		 17043	Not Found	0.00000000000000000000
 637		  5066	  8156	0.00000000000000000000
 638		 20698	Not Found	0.00000000000000000000
 639		 13056	Not Found	0.00000000000000000000
 640		  6321	  3721	0.00000000000000000000
 641		 20047	 10802	0.00000000000000000000
 642		  3668	  1228	0.00000000000000000000
 643		    93	  2591	0.00000000000000000000
 644		   612	   573	0.00000000000000000000
 645		 15380	  6568	0.00000000000000000000
 646		 18742	Not Found	0.00000000000000000000
 647		 18107	 11578	0.00000000000000000000
 648		 23323	Not Found	0.00000000000000000000
 649		 17441	  5776	0.00000000000000000000
 650		  2624	Not Found	0.00000000000000000000
 651		  1886	   361	0.00000000000000000000
 652		  6088	 10193	0.00000000000000000000
 653		  2185	Not Found	0.00000000000000000000
 654		  6791	Not Found	0.00000000000000000000
 655		 20288	Not Found	0.00000000000000000000
 656		  1308	Not Found	0.00000000000000000000
 657		 16015	Not Found	0.00000000000000000000
 658		  6047	  1114	0.00000000000000000000
 659		  4904	Not Found	0.00000000000000000000
 660		  4419	  3376	0.00000000000000000000
 661		 21005	Not Found	0.00000000000000000000
 662		  4363	  9891	0.00000000000000000000
 663		   412	Not Found	0.00000000000000000000
 664		 11852	Not Found	0.00000000000000000000
 665		 22551	Not Found	0.00000000000000000000
 666		 16468	  6823	0.00000000000000000000
 667		 14132	Not Found	0.00000000000000000000
 668		 25212	Not Found	0.00000000000000000000
 669		  5339	Not Found	0.00000000000000000000
 670		  4025	Not Found	0.00000000000000000000
 671		  2881	  6277	0.00000000000000000000
 672		 23923	Not Found	0.00000000000000000000
 673		  6347	Not Found	0.00000000000000000000
 674		 17974	Not Found	0.00000000000000000000
 675		 13838	  4457	0.00000000000000000000
 676		  5471	  1566	0.00000000000000000000
 677		 14591	Not Found	0.00000000000000000000
 678		 15080	  8734	0.00000000000000000000
 679		  6742	   378	0.00000000000000000000
 680		 16448	Not Found	0.00000000000000000000
 681		   324	Not Found	0.00000000000000000000
 682		 15183	Not Found	0.00000000000000000000
 683		  3094	  2392	0.00000000000000000000
 684		 19964	Not Found	0.00000000000000000000
 685		 10970	Not Found	0.00000000000000000000
 686		 11989	Not Found	0.00000000000000000000
 687		 17044	  5378	0.00000000000000000000
 688		  6643	  4904	0.00000000000000000000
 689		 18157	Not Found	0.00000000000000000000
 690		  9710	Not Found	0.00000000000000000000
 691		  6545	 12577	0.00000000000000000000
 692		  1381	Not Found	0.00000000000000000000
 693		 17313	Not Found	0.00000000000000000000
 694		 16880	Not Found	0.00000000000000000000
 695		  8555	  5443	0.00000000000000000000
 696		  9075	  1461	0.00000000000000000000
 697		  1876	 11570	0.00000000000000000000
 698		 20262	Not Found	0.00000000000000000000
 699		  9494	Not Found	0.00000000000000000000
 700		 17364	Not Found	0.00000000000000000000
 701		   478	Not Found	0.00000000000000000000
 702		 17695	Not Found	0.00000000000000000000
 703		 24235	 11181	0.00000000000000000000
 704		  5577	 10025	0.00000000000000000000
 705		  7196	Not Found	0.00000000000000000000
 706		  8524	Not Found	0.00000000000000000000
 707		 14257	Not Found	0.00000000000000000000
 708		  4547	Not Found	0.00000000000000000000
 709		  4590	Not Found	0.00000000000000000000
 710		 20427	Not Found	0.00000000000000000000
 711		 24220	  3404	0.00000000000000000000
 712		 17571	Not Found	0.00000000000000000000
 713		 22541	Not Found	0.00000000000000000000
 714		  5757	Not Found	0.00000000000000000000
 715		 21907	 12282	0.00000000000000000000
 716		 15314	Not Found	0.00000000000000000000
 717		  9857	Not Found	0.00000000000000000000
 718		 13918	Not Found	0.00000000000000000000
 719		 24182	Not Found	0.00000000000000000000
 720		 18642	Not Found	0.00000000000000000000
 721		 25794	Not Found	0.00000000000000000000
 722		 14102	Not Found	0.00000000000000000000
 723		   656	   773	0.00000000000000000000
 724		 19877	  8711	0.00000000000000000000
 725		  8478	Not Found	0.00000000000000000000
 726		  4299	Not Found	0.00000000000000000000
 727		 24809	  6109	0.00000000000000000000
 728		 15052	Not Found	0.00000000000000000000
 729		  5978	Not Found	0.00000000000000000000
 730		 10298	Not Found	0.00000000000000000000
 731		  4719	   744	0.00000000000000000000
 732		  3075	Not Found	0.00000000000000000000
 733		  2716	  6999	0.00000000000000000000
 734		 20742	Not Found	0.00000000000000000000
 735		  1287	  3192	0.00000000000000000000
 736		  6043	Not Found	0.00000000000000000000
 737		  4345	Not Found	0.00000000000000000000
 738		 19023	Not Found	0.00000000000000000000
 739		 21966	  1398	0.00000000000000000000
 740		  2952	Not Found	0.00000000000000000000
 741		 23466	  1593	0.00000000000000000000
 742		  1015	 10339	0.00000000000000000000
 743		  3733	  1463	0.00000000000000000000
 744		  5932	Not Found	0.00000000000000000000
 745		 11028	Not Found	0.00000000000000000000
 746		   497	  8511	0.00000000000000000000
 747		  1596	Not Found	0.00000000000000000000
 748		 14515	Not Found	0.00000000000000000000
 749		  5448	Not Found	0.00000000000000000000
 750		   971	 10722	0.00000000000000000000
 751		 19181	Not Found	0.00000000000000000000
 752		  7985	  2228	0.00000000000000000000
 753		 16472	Not Found	0.00000000000000000000
 754		  3246	Not Found	0.00000000000000000000
 755		  3821	Not Found	0.00000000000000000000
 756		  2665	Not Found	0.00000000000000000000
 757		 10571	Not Found	0.00100000000000000000
 758		 18131	Not Found	0.00000000000000000000
 759		 13599	Not Found	0.00000000000000000000
 760		 13632	Not Found	0.00000000000000000000
 761		 13507	  3916	0.00000000000000000000
 762		 21433	  7066	0.00000000000000000000
 763		  1738	Not Found	0.00000000000000000000
 764		 17521	Not Found	0.00000000000000000000
 765		 13021	  7094	0.00000000000000000000
 766		 11684	Not Found	0.00000000000000000000
 767		  4363	  9891	0.00000000000000000000
 768		  3457	  5681	0.00000000000000000000
 769		 23129	Not Found	0.00000000000000000000
 770		 19047	Not Found	0.00000000000000000000
 771		  5358	  8477	0.00000000000000000000
 772		 18934	Not Found	0.00000000000000000000
 773		  6507	    63	0.00000000000000000000
 774		  2101	  4245	0.00000000000000000000
 775		  6473	Not Found	0.00000000000000000000
 776		  2756	  5516	0.00000000000000000000
 777		  1840	   249	0.00000000000000000000
 778		 22660	  7998	0.00000000000000000000
 779		  9513	 10956	0.00000000000000000000
 780		     8	Not Found	0.00000000000000000000
 781		 25845	Not Found	0.00000000000000000000
 782		  2100	  1548	0.00000000000000000000
 783		  9218	  3692	0.00000000000000000000
 784		   872	Not Found	0.00000000000000000000
 785		  5621	  6245	0.00000000000000000000
 786		 17039	 11473	0.00000000000000000000
 787		  1777	Not Found	0.00000000000000000000
 788		 16410	  4153	0.00000000000000000000
 789		  2401	 10291	0.00000000000000000000
 790		 19377	Not Found	0.00000000000000000000
 791		  1812	Not Found	0.00000000000000000000
 792		  4645	  1389	0.00000000000000000000
 793		 13925	  9200	0.00000000000000000000
 794		  7626	  5331	0.00000000000000000000
 795		 15788	Not Found	0.00000000000000000000
 796		 23174	  2246	0.00000000000000000000
 797		 21097	  1478	0.00000000000000000000
 798		  3601	  3395	0.00000000000000000000
 799		 22722	Not Found	0.00000000000000000000
 800		 25779	Not Found	0.00000000000000000000
 801		  3541	  1872	0.00000000000000000000
 802		  2347	  8988	0.00000000000000000000
 803		 11672	Not Found	0.00000000000000000000
 804		 10501	Not Found	0.00000000000000000000
 805		 14504	Not Found	0.00000000000000000000
 806		 17965	Not Found	0.00000000000000000000
 807		 25025	Not Found	0.00000000000000000000
 808		  5713	Not Found	0.00000000000000000000
 809		 10155	  1519	0.00000000000000000000
 810		 22446	Not Found	0.00000000000000000000
 811		  2019	   713	0.00000000000000000000
 812		 12599	  2966	0.00000000000000000000
 813		 22353	Not Found	0.00000000000000000000
 814		 20208	 10830	0.00000000000000000000
 815		  5164	  8410	0.00000000000000000000
 816		  5647	  3269	0.00000000000000000000
 817		 13794	Not Found	0.00000000000000000000
 818		 22321	 12732	0.00000000000000000000
 819		  4963	Not Found	0.00000000000000000000
 820		 22305	  3419	0.00000000000000000000
 821		 22744	Not Found	0.00000000000000000000
 822		  2829	 10307	0.00000000000000000000
 823		 13264	Not Found	0.00000000000000000000
 824		  2836	  7042	0.00000000000000000000
 825		  8586	Not Found	0.00000000000000000000
 826		  5782	   267	0.00000000000000000000
 827		  9887	Not Found	0.00000000000000000000
 828		  8106	Not Found	0.00000000000000000000
 829		  5383	  3141	0.00000000000000000000
 830		 16294	Not Found	0.00000000000000000000
 831		 23313	 12494	0.00000000000000000000
 832		 17578	  1049	0.00000000000000000000
 833		  1461	Not Found	0.00000000000000000000
 834		 18548	Not Found	0.00000000000000000000
 835		  3156	   186	0.00000000000000000000
 836		   797	  7699	0.00000000000000000000
 837		  6523	Not Found	0.00000000000000000000
 838		 24678	Not Found	0.00000000000000000000
 839		 16132	  3449	0.00000000000000000000
 840		 21692	Not Found	0.00000000000000000000
 841		 23499	Not Found	0.00000000000000000000
 842		  5926	Not Found	0.00000000000000000000
 843		 14321	Not Found	0.00000000000000000000
 844		 20394	Not Found	0.00000000000000000000
 845		   548	Not Found	0.00000000000000000000
 846		  1528	Not Found	0.00000000000000000000
 847		 20515	Not Found	0.00000000000000000000
 848		 14943	Not Found	0.00000000000000000000
 849		  1127	  1424	0.00000000000000000000
 850		  9035	  1413	0.00000000000000000000
 851		 18971	 10376	0.00000000000000000000
 852		  7140	  4625	0.00000000000000000000
 853		  8648	Not Found	0.00000000000000000000
 854		  3837	Not Found	0.00000000000000000000
 855		  3164	Not Found	0.00000000000000000000
 856		  7238	Not Found	0.00000000000000000000
 857		  3960	   885	0.00000000000000000000
 858		  4676	 12621	0.00000000000000000000
 859		 25898	Not Found	0.00000000000000000000
 860		 18757	Not Found	0.00000000000000000000
 861		  5361	  9330	0.00000000000000000000
 862		 12891	  8324	0.00000000000000000000
 863		 15250	Not Found	0.00000000000000000000
 864		  4940	  4240	0.00000000000000000000
 865		 24817	Not Found	0.00000000000000000000
 866		 11449	  4450	0.00000000000000000000
 867		 20906	Not Found	0.00000000000000000000
 868		  5798	  2955	0.00000000000000000000
 869		  1594	  5751	0.00000000000000000000
 870		 11801	 12932	0.00000000000000000000
 871		  5770	  3698	0.00000000000000000000
 872		  1262	  7663	0.00000000000000000000
 873		  1753	Not Found	0.00000000000000000000
 874		  3349	  1689	0.00000000000000000000
 875		  3403	    14	0.00000000000000000000
 876		 17095	Not Found	0.00000000000000000000
 877		 20278	Not Found	0.00000000000000000000
 878		  4083	Not Found	0.00000000000000000000
 879		  7999	Not Found	0.00000000000000000000
 880		  3534	  6089	0.00000000000000000000
 881		  5179	Not Found	0.00000000000000000000
 882		 24069	  8582	0.00000000000000000000
 883		  2866	  6047	0.00000000000000000000
 884		 16077	  3696	0.00000000000000000000
 885		 22665	Not Found	0.00000000000000000000
 886		  5708	Not Found	0.00000000000000000000
 887		 21951	Not Found	0.00000000000000000000
 888		  5794	 11182	0.00000000000000000000
 889		 11639	Not Found	0.00000000000000000000
 890		 10493	  8342	0.00000000000000000000
 891		 20694	Not Found	0.00000000000000000000
 892		  2863	  5789	0.00000000000000000000
 893		 22173	 10320	0.00000000000000000000
 894		  2775	   708	0.00000000000000000000
 895		 11340	Not Found	0.00000000000000000000
 896		 23170	Not Found	0.00000000000000000000
 897		  2960	  1719	0.00000000000000000000
 898		 13491	Not Found	0.00000000000000000000
 899		 21027	Not Found	0.00000000000000000000
 900		  1544	Not Found	0.00000000000000000000
 901		 14254	Not Found	0.00000000000000000000
 902		  9453	Not Found	0.00000000000000000000
 903		 22540	Not Found	0.00000000000000000000
 904		  2510	  5054	0.00000000000000000000
 905		  8220	Not Found	0.00000000000000000000
 906		  3602	Not Found	0.00000000000000000000
 907		 10794	  3122	0.00000000000000000000
 908		 22008	  3657	0.00000000000000000000
 909		  5822	Not Found	0.00000000000000000000
 910		  1082	  1070	0.00000000000000000000
 911		 21273	Not Found	0.00000000000000000000
 912		  1717	  6333	0.00000000000000000000
 913		  8792	Not Found	0.00000000000000000000
 914		   648	Not Found	0.00000000000000000000
 915		  1327	  7303	0.00000000000000000000
 916		 21571	Not Found	0.00000000000000000000
 917		 24546	Not Found	0.00000000000000000000
 918		  6304	Not Found	0.00000000000000000000
 919		 18689	Not Found	0.00000000000000000000
 920		  8127	Not Found	0.00000000000000000000
 921		 15569	Not Found	0.00000000000000000000
 922		 14057	Not Found	0.00000000000000000000
 923		  3993	Not Found	0.00000000000000000000
 924		  4992	  6879	0.00000000000000000000
 925		 20772	Not Found	0.00000000000000000000
 926		  8819	  1891	0.00000000000000000000
 927		 21319	Not Found	0.00000000000000000000
 928		 18485	Not Found	0.00000000000000000000
 929		 12827	Not Found	0.00000000000000000000
 930		 15754	  7381	0.00000000000000000000
 931		  5702	Not Found	0.00000000000000000000
 932		 22443	Not Found	0.00000000000000000000
 933		 15007	 11276	0.00000000000000000000
 934		 16011	Not Found	0.00000000000000000000
 935		  1505	  8008	0.00000000000000000000
 936		  1203	Not Found	0.00000000000000000000
 937		 13022	 12120	0.00000000000000000000
 938		 18678	Not Found	0.00100000000000000000
 939		   869	Not Found	0.00000000000000000000
 940		 14500	Not Found	0.00000000000000000000
 941		  6966	  9012	0.00000000000000000000
 942		  7365	  1084	0.00000000000000000000
 943		 19384	Not Found	0.00000000000000000000
 944		 21933	Not Found	0.00000000000000000000
 945		  7764	Not Found	0.00000000000000000000
 946		 20476	  1682	0.00000000000000000000
 947		  6810	Not Found	0.00000000000000000000
 948		 21677	  7403	0.00000000000000000000
 949		  2317	Not Found	0.00000000000000000000
 950		 18050	Not Found	0.00000000000000000000
 951		  4907	    73	0.00000000000000000000
 952		  8151	Not Found	0.00000000000000000000
 953		  4812	  2085	0.00000000000000000000
 954		 23599	Not Found	0.00000000000000000000
 955		  4525	  4764	0.00000000000000000000
 956		  4848	  7954	0.00000000000000000000
 957		    77	Not Found	0.00000000000000000000
 958		  3990	Not Found	0.00000000000000000000
 959		 19084	Not Found	0.00000000000000000000
 960		 11851	Not Found	0.00000000000000000000
 961		 20011	Not Found	0.00000000000000000000
 962		   725	  8517	0.00000000000000000000
 963		 23195	   893	0.00000000000000000000
 964		  4199	  8901	0.00000000000000000000
 965		  2629	Not Found	0.00000000000000000000
 966		  4874	   772	0.00000000000000000000
 967		 11425	  3640	0.00000000000000000000
 968		 20791	Not Found	0.00000000000000000000
 969		 24165	   262	0.00000000000000000000
 970		 20280	  6091	0.00000000000000000000
 971		 22548	  6498	0.00000000000000000000
 972		  6306	  6625	0.00000000000000000000
 973		  4532	Not Found	0.00000000000000000000
 974		 11723	Not Found	0.00000000000000000000
 975		 23844	  5281	0.00000000000000000000
 976		  2140	Not Found	0.00000000000000000000
 977		  8712	Not Found	0.00000000000000000000
 978		 18825	Not Found	0.00000000000000000000
 979		 25084	Not Found	0.00000000000000000000
 980		  7285	Not Found	0.00000000000000000000
 981		  3968	  8607	0.00000000000000000000
 982		  1321	Not Found	0.00000000000000000000
 983		 21828	Not Found	0.00000000000000000000
 984		 14689	Not Found	0.00000000000000000000
 985		  6322	Not Found	0.00000000000000000000
 986		  5992	Not Found	0.00000000000000000000
 987		  6634	Not Found	0.00000000000000000000
 988		 13431	Not Found	0.00000000000000000000
 989		 25746	  8286	0.00000000000000000000
 990		  6441	Not Found	0.00000000000000000000
 991		  8226	Not Found	0.00000000000000000000
 992		   686	  3033	0.00000000000000000000
 993		   918	Not Found	0.00000000000000000000
 994		  6764	Not Found	0.00000000000000000000
 995		  4011	Not Found	0.00000000000000000000
 996		 12117	  2653	0.00000000000000000000
 997		  3095	Not Found	0.00000000000000000000
 998		 21699	Not Found	0.00000000000000000000
 999		   452	Not Found	0.00000000000000000000
1000		  3473	Not Found	0.00000000000000000000
