LINEAR SEARCH ANALYSIS
Array Size = 12000
-------------------------------------------
Iteration	Key	Index	Time (sec)
-------------------------------------------
   1		   513	Not Found	0.00000000000000000000
   2		    20	Not Found	0.00000000000000000000
   3		  5304	  1360	0.00000000000000000000
   4		 11623	Not Found	0.00000000000000000000
   5		  7032	   749	0.00000000000000000000
   6		 10837	  4838	0.00000000000000000000
   7		  5821	Not Found	0.00000000000000000000
   8		 23034	Not Found	0.00000000000000000000
   9		  8148	  8897	0.00000000000000000000
  10		  1800	Not Found	0.00000000000000000000
  11		 17110	  7241	0.00000000000000000000
  12		  4248	Not Found	0.00000000000000000000
  13		  1470	  1779	0.00000000000000000000
  14		  6777	  2945	0.00000000000000000000
  15		  7215	  4454	0.00000000000000000000
  16		 21517	  6975	0.00000000000000000000
  17		  2854	   745	0.00000000000000000000
  18		 18608	Not Found	0.00000000000000000000
  19		  3582	Not Found	0.00000000000000000000
  20		  4354	  7188	0.00000000000000000000
  21		  2910	  1424	0.00000000000000000000
  22		  4550	  3882	0.00000000000000000000
  23		 22923	 11253	0.00000000000000000000
  24		  2483	 10862	0.00000000000000000000
  25		 20160	Not Found	0.00000000000000000000
  26		 18166	Not Found	0.00000000000000000000
  27		  4783	  7171	0.00000000000000000000
  28		 10340	Not Found	0.00000000000000000000
  29		  1431	 10097	0.00000000000000000000
  30		 18999	Not Found	0.00000000000000000000
  31		 19932	  4762	0.00000000000000000000
  32		 23504	Not Found	0.00000000000000000000
  33		  1149	Not Found	0.00000000000000000000
  34		  3401	Not Found	0.00000000000000000000
  35		  9117	Not Found	0.00000000000000000000
  36		  1315	Not Found	0.00100000000000000000
  37		  1088	  9422	0.00000000000000000000
  38		  4303	Not Found	0.00000000000000000000
  39		 11935	Not Found	0.00000000000000000000
  40		  2665	Not Found	0.00000000000000000000
  41		  6218	Not Found	0.00000000000000000000
  42		  2076	Not Found	0.00000000000000000000
  43		 13489	Not Found	0.00000000000000000000
  44		  8581	 11657	0.00000000000000000000
  45		  3906	Not Found	0.00000000000000000000
  46		 17808	  7619	0.00000000000000000000
  47		  3976	  3511	0.00000000000000000000
  48		  2790	  1594	0.00000000000000000000
  49		  8557	Not Found	0.00000000000000000000
  50		 16677	Not Found	0.00000000000000000000
  51		  2886	  4168	0.00000000000000000000
  52		  3831	Not Found	0.00000000000000000000
  53		   985	  4947	0.00000000000000000000
  54		  3973	   605	0.00000000000000000000
  55		  3260	   572	0.00000000000000000000
  56		  8854	Not Found	0.00000000000000000000
  57		  4411	 10554	0.00000000000000000000
  58		 19935	Not Found	0.00000000000000000000
  59		  5357	Not Found	0.00000000000000000000
  60		 22216	Not Found	0.00000000000000000000
  61		 19159	Not Found	0.00000000000000000000
  62		  1465	Not Found	0.00000000000000000000
  63		  2452	Not Found	0.00000000000000000000
  64		 17771	Not Found	0.00000000000000000000
  65		 13664	Not Found	0.00000000000000000000
  66		 19976	Not Found	0.00000000000000000000
  67		  5929	Not Found	0.00000000000000000000
  68		  4267	  7696	0.00000000000000000000
  69		 13665	Not Found	0.00000000000000000000
  70		  3134	  1420	0.00000000000000000000
  71		  5153	Not Found	0.00000000000000000000
  72		  7225	Not Found	0.00000000000000000000
  73		  3995	Not Found	0.00000000000000000000
  74		  7267	Not Found	0.00000000000000000000
  75		 22708	Not Found	0.00000000000000000000
  76		 16697	Not Found	0.00000000000000000000
  77		  7919	  9502	0.00000000000000000000
  78		  5159	   766	0.00000000000000000000
  79		 19682	Not Found	0.00000000000000000000
  80		 20283	Not Found	0.00000000000000000000
  81		  8575	Not Found	0.00000000000000000000
  82		 16886	Not Found	0.00000000000000000000
  83		  4984	  9715	0.00000000000000000000
  84		  4205	Not Found	0.00000000000000000000
  85		   849	Not Found	0.00000000000000000000
  86		  3982	   260	0.00000000000000000000
  87		  5519	  1597	0.00000000000000000000
  88		  5327	  2582	0.00000000000000000000
  89		 15028	Not Found	0.00000000000000000000
  90		  7501	 10810	0.00000000000000000000
  91		  4759	Not Found	0.00000000000000000000
  92		 18471	  8243	0.00000000000000000000
  93		 18853	Not Found	0.00000000000000000000
  94		 23183	Not Found	0.00000000000000000000
  95		  5906	  2517	0.00000000000000000000
  96		 17781	Not Found	0.00000000000000000000
  97		 14707	Not Found	0.00000000000000000000
  98		  7990	Not Found	0.00000000000000000000
  99		 11043	Not Found	0.00000000000000000000
 100		  2153	  5535	0.00000000000000000000
 101		   866	Not Found	0.00000000000000000000
 102		 22602	Not Found	0.00000000000000000000
 103		 19849	Not Found	0.00000000000000000000
 104		   404	Not Found	0.00000000000000000000
 105		  6925	Not Found	0.00000000000000000000
 106		  6916	  6751	0.00000000000000000000
 107		 11879	  1527	0.00000000000000000000
 108		  4381	  2715	0.00000000000000000000
 109		 20048	Not Found	0.00000000000000000000
 110		  5413	 10429	0.00000000000000000000
 111		  3078	 10625	0.00000000000000000000
 112		  6581	  5782	0.00000000000000000000
 113		 23653	Not Found	0.00000000000000000000
 114		 11340	Not Found	0.00000000000000000000
 115		  8988	  6247	0.00000000000000000000
 116		 16332	Not Found	0.00000000000000000000
 117		  2125	Not Found	0.00000000000000000000
 118		 11592	Not Found	0.00000000000000000000
 119		  5775	  2832	0.00000000000000000000
 120		 10501	Not Found	0.00000000000000000000
 121		 10866	Not Found	0.00000000000000000000
 122		 20651	Not Found	0.00000000000000000000
 123		   757	Not Found	0.00000000000000000000
 124		 20456	  5148	0.00000000000000000000
 125		  1418	  8960	0.00000000000000000000
 126		  6560	Not Found	0.00000000000000000000
 127		  4958	Not Found	0.00000000000000000000
 128		 16344	Not Found	0.00000000000000000000
 129		  1278	  2264	0.00000000000000000000
 130		 17406	Not Found	0.00000000000000000000
 131		  7380	  4240	0.00000000000000000000
 132		 19780	Not Found	0.00000000000000000000
 133		 14604	Not Found	0.00000000000000000000
 134		 13468	Not Found	0.00000000000000000000
 135		  8865	  1011	0.00000000000000000000
 136		  7713	  5373	0.00000000000000000000
 137		  1578	  5384	0.00000000000000000000
 138		  3816	  4679	0.00000000000000000000
 139		  2962	Not Found	0.00000000000000000000
 140		  5783	  4970	0.00000000000000000000
 141		 11564	  6584	0.00000000000000000000
 142		 21107	Not Found	0.00000000000000000000
 143		  6907	   811	0.00000000000000000000
 144		  8250	  3109	0.00000000000000000000
 145		 11815	  7400	0.00000000000000000000
 146		  9551	Not Found	0.00000000000000000000
 147		 12091	Not Found	0.00000000000000000000
 148		  4669	   779	0.00000000000000000000
 149		 19479	Not Found	0.00000000000000000000
 150		  4380	  9169	0.00000000000000000000
 151		  3329	Not Found	0.00000000000000000000
 152		  4194	  4955	0.00000000000000000000
 153		 21438	Not Found	0.00000000000000000000
 154		  5343	Not Found	0.00000000000000000000
 155		  6735	  2562	0.00000000000000000000
 156		  9589	Not Found	0.00000000000000000000
 157		  6798	Not Found	0.00000000000000000000
 158		  3796	  1869	0.00000000000000000000
 159		  8126	Not Found	0.00000000000000000000
 160		 15482	Not Found	0.00000000000000000000
 161		 14729	Not Found	0.00000000000000000000
 162		 17286	  7501	0.00000000000000000000
 163		 21635	 11814	0.00000000000000000000
 164		 15716	Not Found	0.00000000000000000000
 165		  5991	  8947	0.00000000000000000000
 166		  1820	  7956	0.00000000000000000000
 167		 17968	Not Found	0.00000000000000000000
 168		  4807	 11421	0.00000000000000000000
 169		 10104	Not Found	0.00000000000000000000
 170		 15862	Not Found	0.00000000000000000000
 171		  4926	Not Found	0.00000000000000000000
 172		 15120	  7722	0.00000000000000000000
 173		  8010	Not Found	0.00000000000000000000
 174		 10104	Not Found	0.00000000000000000000
 175		 15305	Not Found	0.00000000000000000000
 176		 22004	  4972	0.00000000000000000000
 177		 10509	Not Found	0.00000000000000000000
 178		  5670	  7205	0.00000000000000000000
 179		  7260	Not Found	0.00000000000000000000
 180		  4966	  7657	0.00000000000000000000
 181		  6005	  1180	0.00000000000000000000
 182		  6642	Not Found	0.00000000000000000000
 183		  9647	   560	0.00000000000000000000
 184		  5901	Not Found	0.00000000000000000000
 185		 15840	Not Found	0.00000000000000000000
 186		 20945	Not Found	0.00000000000000000000
 187		 20782	Not Found	0.00000000000000000000
 188		  1653	  4136	0.00000000000000000000
 189		  4601	   734	0.00000000000000000000
 190		 22420	Not Found	0.00000000000000000000
 191		 14396	Not Found	0.00000000000000000000
 192		  2437	  2257	0.00000000000000000000
 193		 23068	Not Found	0.00000000000000000000
 194		  2870	  1301	0.00000000000000000000
 195		  4280	  7286	0.00000000000000000000
 196		 15665	Not Found	0.00000000000000000000
 197		 10875	  8489	0.00000000000000000000
 198		 12466	Not Found	0.00000000000000000000
 199		   319	Not Found	0.00000000000000000000
 200		 15792	 10480	0.00000000000000000000
 201		 14080	Not Found	0.00000000000000000000
 202		 21591	  8365	0.00000000000000000000
 203		   818	Not Found	0.00000000000000000000
 204		 19441	Not Found	0.00000000000000000000
 205		 23667	Not Found	0.00000000000000000000
 206		  3293	Not Found	0.00000000000000000000
 207		  9337	Not Found	0.00000000000000000000
 208		  8073	  7539	0.00000000000000000000
 209		  5535	  6618	0.00000000000000000000
 210		 11258	Not Found	0.00000000000000000000
 211		  7240	  9116	0.00000000000000000000
 212		  6577	Not Found	0.00000000000000000000
 213		  8304	  1863	0.00000000000000000000
 214		  4465	  1666	0.00000000000000000000
 215		  2656	  6259	0.00000000000000000000
 216		  7406	Not Found	0.00000000000000000000
 217		  1056	Not Found	0.00000000000000000000
 218		 21931	  1685	0.00000000000000000000
 219		 17369	Not Found	0.00000000000000000000
 220		  2960	Not Found	0.00100000000000000000
 221		  3474	Not Found	0.00000000000000000000
 222		  3144	  5704	0.00000000000000000000
 223		  4448	  3989	0.00000000000000000000
 224		  4127	Not Found	0.00000000000000000000
 225		  5886	Not Found	0.00000000000000000000
 226		 17271	Not Found	0.00000000000000000000
 227		 17404	  4296	0.00000000000000000000
 228		  5395	Not Found	0.00000000000000000000
 229		  8143	Not Found	0.00000000000000000000
 230		  1540	Not Found	0.00000000000000000000
 231		  4309	   429	0.00000000000000000000
 232		  4291	  3382	0.00000000000000000000
 233		  6665	 10806	0.00000000000000000000
 234		 16946	Not Found	0.00000000000000000000
 235		  2230	  2466	0.00000000000000000000
 236		  7392	  4638	0.00000000000000000000
 237		  4783	  7171	0.00000000000000000000
 238		  6282	  5015	0.00000000000000000000
 239		  8530	  2026	0.00000000000000000000
 240		  7907	  6554	0.00000000000000000000
 241		 18276	   541	0.00000000000000000000
 242		 22514	Not Found	0.00000000000000000000
 243		  1157	Not Found	0.00000000000000000000
 244		  9220	Not Found	0.00000000000000000000
 245		 16016	Not Found	0.00000000000000000000
 246		  2497	Not Found	0.00000000000000000000
 247		  2909	Not Found	0.00000000000000000000
 248		  5101	Not Found	0.00000000000000000000
 249		 21957	Not Found	0.00000000000000000000
 250		 12946	Not Found	0.00000000000000000000
 251		 14745	Not Found	0.00000000000000000000
 252		  8494	  4232	0.00000000000000000000
 253		 18339	  6450	0.00000000000000000000
 254		  3544	Not Found	0.00000000000000000000
 255		  3888	Not Found	0.00000000000000000000
 256		 10994	Not Found	0.00000000000000000000
 257		 19897	Not Found	0.00000000000000000000
 258		  9777	Not Found	0.00000000000000000000
 259		  5333	Not Found	0.00000000000000000000
 260		  5042	Not Found	0.00000000000000000000
 261		  4652	  4802	0.00000000000000000000
 262		 19901	Not Found	0.00000000000000000000
 263		  9722	Not Found	0.00000000000000000000
 264		  4072	  9351	0.00000000000000000000
 265		  1373	Not Found	0.00000000000000000000
 266		 15280	  8778	0.00000000000000000000
 267		  3603	Not Found	0.00000000000000000000
 268		 23687	  9650	0.00000000000000000000
 269		 15110	 10311	0.00000000000000000000
 270		 12774	Not Found	0.00000000000000000000
 271		  3036	Not Found	0.00000000000000000000
 272		 13097	  5164	0.00000000000000000000
 273		  5541	  6512	0.00000000000000000000
 274		 20279	Not Found	0.00000000000000000000
 275		 19613	Not Found	0.00000000000000000000
 276		 11913	Not Found	0.00000000000000000000
 277		  5213	   760	0.00000000000000000000
 278		 12876	Not Found	0.00000000000000000000
 279		 21421	Not Found	0.00000000000000000000
 280		   434	  3397	0.00000000000000000000
 281		  6233	Not Found	0.00000000000000000000
 282		 16048	  2150	0.00000000000000000000
 283		 20469	  4655	0.00000000000000000000
 284		  1463	    23	0.00000000000000000000
 285		  2546	Not Found	0.00000000000000000000
 286		 14378	Not Found	0.00000000000000000000
 287		  8950	Not Found	0.00000000000000000000
 288		 20389	  2904	0.00000000000000000000
 289		 15699	  2308	0.00000000000000000000
 290		 10315	Not Found	0.00000000000000000000
 291		    14	  1029	0.00000000000000000000
 292		  1270	Not Found	0.00000000000000000000
 293		  2459	Not Found	0.00000000000000000000
 294		 16963	Not Found	0.00000000000000000000
 295		  2038	Not Found	0.00000000000000000000
 296		 21191	Not Found	0.00000000000000000000
 297		  1602	Not Found	0.00000000000000000000
 298		 14585	Not Found	0.00000000000000000000
 299		 16848	Not Found	0.00000000000000000000
 300		  3404	   465	0.00000000000000000000
 301		  4672	Not Found	0.00000000000000000000
 302		 15194	Not Found	0.00000000000000000000
 303		  6240	Not Found	0.00000000000000000000
 304		 11523	 11259	0.00000000000000000000
 305		 22954	 10889	0.00000000000000000000
 306		  2800	  1465	0.00000000000000000000
 307		  4055	   637	0.00000000000000000000
 308		 15270	Not Found	0.00000000000000000000
 309		 15007	Not Found	0.00000000000000000000
 310		   759	  4944	0.00000000000000000000
 311		 18136	  6644	0.00000000000000000000
 312		  1765	Not Found	0.00000000000000000000
 313		 15458	  1164	0.00000000000000000000
 314		  5165	   872	0.00000000000000000000
 315		 22645	Not Found	0.00000000000000000000
 316		 19283	  5600	0.00000000000000000000
 317		  2952	  1737	0.00000000000000000000
 318		 14505	  2654	0.00000000000000000000
 319		  8633	Not Found	0.00000000000000000000
 320		 14880	Not Found	0.00000000000000000000
 321		 12245	Not Found	0.00000000000000000000
 322		  9453	Not Found	0.00000000000000000000
 323		 11628	Not Found	0.00000000000000000000
 324		 23879	Not Found	0.00000000000000000000
 325		 12194	Not Found	0.00000000000000000000
 326		  6398	Not Found	0.00000000000000000000
 327		  2898	Not Found	0.00000000000000000000
 328		  3080	Not Found	0.00000000000000000000
 329		   641	  3103	0.00000000000000000000
 330		  6260	Not Found	0.00000000000000000000
 331		  6261	Not Found	0.00000000000000000000
 332		   921	Not Found	0.00000000000000000000
 333		  5924	  1893	0.00000000000000000000
 334		 15757	  9165	0.00000000000000000000
 335		 10916	Not Found	0.00000000000000000000
 336		  6745	 10794	0.00000000000000000000
 337		  4795	  8136	0.00000000000000000000
 338		 18502	Not Found	0.00000000000000000000
 339		  5244	Not Found	0.00000000000000000000
 340		 12741	  3946	0.00000000000000000000
 341		  7709	Not Found	0.00000000000000000000
 342		  4333	  1566	0.00000000000000000000
 343		 21926	Not Found	0.00000000000000000000
 344		  2670	Not Found	0.00000000000000000000
 345		  5097	Not Found	0.00000000000000000000
 346		  4401	Not Found	0.00000000000000000000
 347		 22689	Not Found	0.00000000000000000000
 348		   363	  9920	0.00000000000000000000
 349		  9453	Not Found	0.00000000000000000000
 350		 14267	Not Found	0.00000000000000000000
 351		 17026	  1466	0.00000000000000000000
 352		 19019	Not Found	0.00000000000000000000
 353		  9607	  2912	0.00000000000000000000
 354		 15169	Not Found	0.00000000000000000000
 355		 17977	  2662	0.00000000000000000000
 356		 14733	Not Found	0.00000000000000000000
 357		  6921	Not Found	0.00000000000000000000
 358		 11672	Not Found	0.00000000000000000000
 359		 15637	  9899	0.00000000000000000000
 360		 13460	Not Found	0.00000000000000000000
 361		  3362	 11037	0.00000000000000000000
 362		  5577	Not Found	0.00000000000000000000
 363		 10379	Not Found	0.00000000000000000000
 364		  2517	Not Found	0.00000000000000000000
 365		  3131	  5000	0.00000000000000000000
 366		 17704	Not Found	0.00000000000000000000
 367		   307	Not Found	0.00000000000000000000
 368		 18003	Not Found	0.00000000000000000000
 369		 16928	Not Found	0.00000000000000000000
 370		  2145	Not Found	0.00000000000000000000
 371		  6483	Not Found	0.00000000000000000000
 372		 23373	Not Found	0.00000000000000000000
 373		  8672	Not Found	0.00000000000000000000
 374		 14804	   807	0.00000000000000000000
 375		  1824	  3955	0.00000000000000000000
 376		  5941	  5307	0.00000000000000000000
 377		  7734	Not Found	0.00000000000000000000
 378		 22499	Not Found	0.00000000000000000000
 379		  2562	Not Found	0.00000000000000000000
 380		 13477	  2663	0.00000000000000000000
 381		  7145	 10006	0.00000000000000000000
 382		  1032	Not Found	0.00000000000000000000
 383		  8216	 11153	0.00000000000000000000
 384		  1038	  3523	0.00000000000000000000
 385		 12976	Not Found	0.00000000000000000000
 386		 20076	Not Found	0.00000000000000000000
 387		  7868	Not Found	0.00000000000000000000
 388		 13297	Not Found	0.00000000000000000000
 389		 20442	Not Found	0.00000000000000000000
 390		   502	  2509	0.00000000000000000000
 391		  1288	Not Found	0.00000000000000000000
 392		  2961	  2837	0.00000000000000000000
 393		  4525	  5379	0.00000000000000000000
 394		  5985	  2644	0.00000000000000000000
 395		 11352	Not Found	0.00000000000000000000
 396		 15464	 10988	0.00000000000000000000
 397		  8525	  8648	0.00000000000000000000
 398		  1298	  3174	0.00000000000000000000
 399		  2578	  6198	0.00100000000000000000
 400		  4057	  9605	0.00000000000000000000
 401		  3872	Not Found	0.00000000000000000000
 402		  4200	  6213	0.00000000000000000000
 403		  2084	Not Found	0.00000000000000000000
 404		  2278	Not Found	0.00000000000000000000
 405		  5680	  4122	0.00000000000000000000
 406		  9172	Not Found	0.00000000000000000000
 407		 22093	Not Found	0.00000000000000000000
 408		 23587	Not Found	0.00000000000000000000
 409		  2001	Not Found	0.00000000000000000000
 410		 20075	Not Found	0.00000000000000000000
 411		 23071	Not Found	0.00000000000000000000
 412		  9002	Not Found	0.00000000000000000000
 413		  9091	Not Found	0.00000000000000000000
 414		  4729	Not Found	0.00000000000000000000
 415		 16451	Not Found	0.00000000000000000000
 416		  3921	  2560	0.00000000000000000000
 417		  8665	  2392	0.00000000000000000000
 418		  1433	  5914	0.00000000000000000000
 419		   957	  8235	0.00000000000000000000
 420		  3865	  4471	0.00000000000000000000
 421		  5595	  7012	0.00000000000000000000
 422		  4867	  1655	0.00000000000000000000
 423		 20273	Not Found	0.00000000000000000000
 424		  3432	Not Found	0.00000000000000000000
 425		  1706	Not Found	0.00000000000000000000
 426		   804	Not Found	0.00000000000000000000
 427		  2343	   595	0.00000000000000000000
 428		  2937	  2099	0.00000000000000000000
 429		  5538	  1306	0.00000000000000000000
 430		 11060	Not Found	0.00000000000000000000
 431		 16523	Not Found	0.00000000000000000000
 432		  2579	  9273	0.00000000000000000000
 433		  8965	Not Found	0.00000000000000000000
 434		  3012	Not Found	0.00000000000000000000
 435		 19512	  8848	0.00000000000000000000
 436		  2167	  4716	0.00000000000000000000
 437		  1557	Not Found	0.00000000000000000000
 438		  4694	   544	0.00000000000000000000
 439		 12854	Not Found	0.00000000000000000000
 440		 11294	Not Found	0.00000000000000000000
 441		   257	  3171	0.00000000000000000000
 442		  7922	Not Found	0.00000000000000000000
 443		  3264	  2000	0.00000000000000000000
 444		  2147	Not Found	0.00000000000000000000
 445		  4164	Not Found	0.00000000000000000000
 446		 21238	  3217	0.00000000000000000000
 447		 16139	Not Found	0.00000000000000000000
 448		 14332	  3753	0.00000000000000000000
 449		 18571	  9338	0.00000000000000000000
 450		 19438	 10157	0.00000000000000000000
 451		  3909	 10041	0.00000000000000000000
 452		  2798	  3015	0.00000000000000000000
 453		  6422	   574	0.00000000000000000000
 454		 12068	Not Found	0.00000000000000000000
 455		  3482	  4126	0.00000000000000000000
 456		  7937	  8924	0.00000000000000000000
 457		 17440	   628	0.00000000000000000000
 458		  3066	  3002	0.00000000000000000000
 459		  7357	  5664	0.00000000000000000000
 460		 16946	Not Found	0.00000000000000000000
 461		 16642	   974	0.00000000000000000000
 462		 14069	Not Found	0.00000000000000000000
 463		   933	Not Found	0.00000000000000000000
 464		 21225	Not Found	0.00000000000000000000
 465		 10965	  2793	0.00000000000000000000
 466		   796	  9907	0.00000000000000000000
 467		  7702	 11015	0.00000000000000000000
 468		 20586	  9401	0.00000000000000000000
 469		  3095	Not Found	0.00000000000000000000
 470		  4418	Not Found	0.00000000000000000000
 471		  8225	Not Found	0.00000000000000000000
 472		  8271	  8566	0.00000000000000000000
 473		 15375	Not Found	0.00000000000000000000
 474		 14240	  6739	0.00000000000000000000
 475		  4270	  3216	0.00000000000000000000
 476		  7414	  2378	0.00000000000000000000
 477		   436	Not Found	0.00000000000000000000
 478		  1766	  5249	0.00000000000000000000
 479		 11385	  8550	0.00000000000000000000
 480		  4151	  2217	0.00000000000000000000
 481		    12	Not Found	0.00000000000000000000
 482		 20627	Not Found	0.00000000000000000000
 483		 21467	Not Found	0.00000000000000000000
 484		  4057	  9605	0.00000000000000000000
 485		 16465	  2666	0.00000000000000000000
 486		  8132	Not Found	0.00000000000000000000
 487		  5195	 10952	0.00000000000000000000
 488		  3525	Not Found	0.00000000000000000000
 489		 11544	  2500	0.00000000000000000000
 490		 14601	Not Found	0.00000000000000000000
 491		  4644	  3331	0.00000000000000000000
 492		 12794	Not Found	0.00000000000000000000
 493		  5045	Not Found	0.00000000000000000000
 494		  8894	  3944	0.00000000000000000000
 495		  5225	  7960	0.00000000000000000000
 496		  4867	  1655	0.00000000000000000000
 497		   217	  3728	0.00000000000000000000
 498		  1945	   356	0.00000000000000000000
 499		   902	Not Found	0.00000000000000000000
 500		  8678	  6600	0.00000000000000000000
 501		  8125	Not Found	0.00000000000000000000
 502		 10111	Not Found	0.00000000000000000000
 503		  4184	Not Found	0.00000000000000000000
 504		  3871	  3934	0.00000000000000000000
 505		  4420	  9938	0.00000000000000000000
 506		 19100	Not Found	0.00000000000000000000
 507		 22064	Not Found	0.00000000000000000000
 508		 19213	Not Found	0.00000000000000000000
 509		  3483	Not Found	0.00000000000000000000
 510		  3314	  7411	0.00000000000000000000
 511		  3220	Not Found	0.00000000000000000000
 512		 17706	Not Found	0.00000000000000000000
 513		  9124	Not Found	0.00000000000000000000
 514		  1713	  1716	0.00000000000000000000
 515		 23687	  9650	0.00000000000000000000
 516		 11968	Not Found	0.00000000000000000000
 517		  2773	Not Found	0.00000000000000000000
 518		 21641	Not Found	0.00000000000000000000
 519		  6923	Not Found	0.00000000000000000000
 520		  1690	  4173	0.00000000000000000000
 521		 23258	  2587	0.00000000000000000000
 522		 17724	  2292	0.00000000000000000000
 523		  3299	  3707	0.00000000000000000000
 524		  4153	Not Found	0.00000000000000000000
 525		  3458	  5638	0.00000000000000000000
 526		  3895	  1192	0.00000000000000000000
 527		  6045	  1786	0.00000000000000000000
 528		 10057	  6875	0.00000000000000000000
 529		 11416	Not Found	0.00000000000000000000
 530		 13026	Not Found	0.00000000000000000000
 531		   976	Not Found	0.00000000000000000000
 532		 12884	Not Found	0.00000000000000000000
 533		  7376	  7103	0.00000000000000000000
 534		 11638	  3524	0.00000000000000000000
 535		 13475	Not Found	0.00000000000000000000
 536		 14196	Not Found	0.00000000000000000000
 537		 23270	Not Found	0.00000000000000000000
 538		 19983	Not Found	0.00000000000000000000
 539		  6862	 11965	0.00000000000000000000
 540		 22478	Not Found	0.00000000000000000000
 541		  7617	Not Found	0.00000000000000000000
 542		   834	Not Found	0.00000000000000000000
 543		 22373	Not Found	0.00000000000000000000
 544		  6077	  3456	0.00000000000000000000
 545		  4701	   158	0.00000000000000000000
 546		  9584	Not Found	0.00000000000000000000
 547		   402	  5857	0.00000000000000000000
 548		  6157	  8825	0.00000000000000000000
 549		  1897	  8737	0.00000000000000000000
 550		 16667	Not Found	0.00000000000000000000
 551		 17569	Not Found	0.00000000000000000000
 552		  5610	  5325	0.00000000000000000000
 553		  7406	Not Found	0.00000000000000000000
 554		  9849	Not Found	0.00000000000000000000
 555		 10499	  7218	0.00000000000000000000
 556		  6296	  4587	0.00000000000000000000
 557		  7026	  6529	0.00000000000000000000
 558		  8455	Not Found	0.00000000000000000000
 559		  7435	Not Found	0.00000000000000000000
 560		   100	Not Found	0.00000000000000000000
 561		  5916	Not Found	0.00000000000000000000
 562		  7712	  3068	0.00000000000000000000
 563		 20797	Not Found	0.00000000000000000000
 564		  2778	Not Found	0.00000000000000000000
 565		  8920	Not Found	0.00000000000000000000
 566		  6350	  7213	0.00000000000000000000
 567		 10696	Not Found	0.00000000000000000000
 568		 16568	  9415	0.00000000000000000000
 569		  6461	Not Found	0.00000000000000000000
 570		  7776	Not Found	0.00000000000000000000
 571		  2961	  2837	0.00000000000000000000
 572		  3747	  9831	0.00000000000000000000
 573		  4654	  3688	0.00000000000000000000
 574		 20604	Not Found	0.00000000000000000000
 575		  6962	   845	0.00000000000000000000
 576		 23257	Not Found	0.00000000000000000000
 577		 13886	 10898	0.00000000000000000000
 578		 10231	Not Found	0.00000000000000000000
 579		  5059	 11380	0.00000000000000000000
 580		  7079	Not Found	0.00000000000000000000
 581		 12823	Not Found	0.00000000000000000000
 582		 23843	  3303	0.00000000000000000000
 583		 18968	  9822	0.00000000000000000000
 584		 12444	Not Found	0.00000000000000000000
 585		 19932	  4762	0.00000000000000000000
 586		 14568	Not Found	0.00000000000000000000
 587		 20426	 10707	0.00000000000000000000
 588		  1021	Not Found	0.00000000000000000000
 589		 19469	Not Found	0.00000000000000000000
 590		   215	Not Found	0.00000000000000000000
 591		 19131	Not Found	0.00000000000000000000
 592		 10746	  9345	0.00000000000000000000
 593		 13419	   207	0.00000000000000000000
 594		 16314	Not Found	0.00000000000000000000
 595		  5780	Not Found	0.00000000000000000000
 596		  4001	   466	0.00000000000000000000
 597		  7261	  2436	0.00000000000000000000
 598		  7856	Not Found	0.00000000000000000000
 599		  8913	Not Found	0.00100000000000000000
 600		  3986	 11715	0.00000000000000000000
 601		 20115	Not Found	0.00000000000000000000
 602		 21240	Not Found	0.00000000000000000000
 603		 19968	Not Found	0.00000000000000000000
 604		  7923	Not Found	0.00000000000000000000
 605		  5609	Not Found	0.00000000000000000000
 606		  9163	Not Found	0.00000000000000000000
 607		 20805	Not Found	0.00000000000000000000
 608		  5988	  3179	0.00000000000000000000
 609		 12174	Not Found	0.00000000000000000000
 610		 19823	  5040	0.00000000000000000000
 611		  3810	Not Found	0.00000000000000000000
 612		 12789	Not Found	0.00000000000000000000
 613		 10341	  1912	0.00000000000000000000
 614		  9289	Not Found	0.00000000000000000000
 615		 22645	Not Found	0.00000000000000000000
 616		 13335	Not Found	0.00000000000000000000
 617		 10667	Not Found	0.00000000000000000000
 618		  7347	  7302	0.00000000000000000000
 619		 16578	  9294	0.00000000000000000000
 620		 13265	Not Found	0.00000000000000000000
 621		  6939	Not Found	0.00000000000000000000
 622		 23374	Not Found	0.00000000000000000000
 623		 15027	Not Found	0.00000000000000000000
 624		  6196	Not Found	0.00000000000000000000
 625		 11982	Not Found	0.00000000000000000000
 626		  8089	  1080	0.00000000000000000000
 627		 10653	Not Found	0.00000000000000000000
 628		 11025	Not Found	0.00000000000000000000
 629		  3175	  7919	0.00000000000000000000
 630		 15555	Not Found	0.00000000000000000000
 631		 18117	Not Found	0.00000000000000000000
 632		 20201	Not Found	0.00000000000000000000
 633		   238	Not Found	0.00000000000000000000
 634		  5310	Not Found	0.00000000000000000000
 635		    35	Not Found	0.00000000000000000000
 636		  7205	Not Found	0.00000000000000000000
 637		  6075	Not Found	0.00000000000000000000
 638		 18837	Not Found	0.00000000000000000000
 639		 13414	  4114	0.00000000000000000000
 640		  2696	Not Found	0.00000000000000000000
 641		 12950	Not Found	0.00000000000000000000
 642		  6399	Not Found	0.00000000000000000000
 643		  4728	Not Found	0.00000000000000000000
 644		  7713	  5373	0.00000000000000000000
 645		 21212	Not Found	0.00000000000000000000
 646		  5684	   614	0.00000000000000000000
 647		  4290	Not Found	0.00000000000000000000
 648		 15109	  5009	0.00000000000000000000
 649		  6565	  7966	0.00000000000000000000
 650		 13823	Not Found	0.00000000000000000000
 651		  4531	 11577	0.00000000000000000000
 652		 12796	Not Found	0.00000000000000000000
 653		  5091	Not Found	0.00000000000000000000
 654		   853	 11224	0.00000000000000000000
 655		  7485	  7166	0.00000000000000000000
 656		 23099	  4009	0.00000000000000000000
 657		 17549	Not Found	0.00000000000000000000
 658		   165	  3352	0.00000000000000000000
 659		   993	  1286	0.00000000000000000000
 660		 11154	  1767	0.00000000000000000000
 661		 16637	Not Found	0.00000000000000000000
 662		 14640	Not Found	0.00000000000000000000
 663		 12461	Not Found	0.00000000000000000000
 664		 19879	Not Found	0.00000000000000000000
 665		 16727	Not Found	0.00000000000000000000
 666		 18331	  6281	0.00000000000000000000
 667		  3395	Not Found	0.00000000000000000000
 668		  8163	Not Found	0.00000000000000000000
 669		 18540	  3547	0.00000000000000000000
 670		 13443	Not Found	0.00000000000000000000
 671		  3227	  6838	0.00000000000000000000
 672		  7787	Not Found	0.00000000000000000000
 673		  1950	Not Found	0.00000000000000000000
 674		 20944	Not Found	0.00000000000000000000
 675		   587	Not Found	0.00000000000000000000
 676		  6034	Not Found	0.00000000000000000000
 677		  4164	Not Found	0.00000000000000000000
 678		 13965	Not Found	0.00000000000000000000
 679		  2055	Not Found	0.00000000000000000000
 680		  9805	Not Found	0.00000000000000000000
 681		 13392	Not Found	0.00000000000000000000
 682		 11511	Not Found	0.00000000000000000000
 683		   868	Not Found	0.00000000000000000000
 684		  1447	  7547	0.00000000000000000000
 685		 23087	Not Found	0.00000000000000000000
 686		 18131	Not Found	0.00000000000000000000
 687		  3489	  2949	0.00000000000000000000
 688		  4854	  5955	0.00000000000000000000
 689		 18416	Not Found	0.00000000000000000000
 690		  3077	Not Found	0.00000000000000000000
 691		 16615	  2665	0.00000000000000000000
 692		 17293	Not Found	0.00000000000000000000
 693		 10665	Not Found	0.00000000000000000000
 694		  6559	Not Found	0.00000000000000000000
 695		  4560	  3139	0.00000000000000000000
 696		  8435	  1387	0.00000000000000000000
 697		 22294	Not Found	0.00000000000000000000
 698		 13751	 10289	0.00000000000000000000
 699		 14055	Not Found	0.00000000000000000000
 700		  7892	  3842	0.00000000000000000000
 701		  7300	Not Found	0.00000000000000000000
 702		 23356	Not Found	0.00000000000000000000
 703		 12078	Not Found	0.00000000000000000000
 704		  7351	Not Found	0.00000000000000000000
 705		  2797	Not Found	0.00000000000000000000
 706		   778	Not Found	0.00000000000000000000
 707		 23782	Not Found	0.00000000000000000000
 708		 10608	Not Found	0.00000000000000000000
 709		  4965	  3550	0.00000000000000000000
 710		  3323	 11311	0.00000000000000000000
 711		 18250	Not Found	0.00000000000000000000
 712		  7447	Not Found	0.00000000000000000000
 713		  5108	Not Found	0.00000000000000000000
 714		  4096	  6986	0.00000000000000000000
 715		 22557	Not Found	0.00000000000000000000
 716		 15416	Not Found	0.00000000000000000000
 717		 10821	Not Found	0.00000000000000000000
 718		 17713	Not Found	0.00000000000000000000
 719		  2789	  2035	0.00000000000000000000
 720		  6540	Not Found	0.00000000000000000000
 721		  7999	Not Found	0.00000000000000000000
 722		 12002	  8409	0.00000000000000000000
 723		  8184	Not Found	0.00000000000000000000
 724		  2408	  1986	0.00000000000000000000
 725		   241	Not Found	0.00000000000000000000
 726		   247	Not Found	0.00000000000000000000
 727		  1654	  3948	0.00000000000000000000
 728		  6965	  3589	0.00000000000000000000
 729		  7539	Not Found	0.00000000000000000000
 730		  3961	Not Found	0.00000000000000000000
 731		  5335	Not Found	0.00000000000000000000
 732		 16160	Not Found	0.00000000000000000000
 733		 21386	Not Found	0.00000000000000000000
 734		 14441	  1873	0.00000000000000000000
 735		 13031	Not Found	0.00000000000000000000
 736		 22994	  4617	0.00000000000000000000
 737		 11469	Not Found	0.00000000000000000000
 738		  7700	Not Found	0.00000000000000000000
 739		  6478	Not Found	0.00000000000000000000
 740		 14819	Not Found	0.00000000000000000000
 741		  1350	Not Found	0.00000000000000000000
 742		  9511	  4945	0.00000000000000000000
 743		 19349	  4172	0.00000000000000000000
 744		   971	Not Found	0.00000000000000000000
 745		 21723	Not Found	0.00000000000000000000
 746		 10373	Not Found	0.00000000000000000000
 747		  8038	   969	0.00000000000000000000
 748		 18201	  4820	0.00000000000000000000
 749		 11694	  6155	0.00000000000000000000
 750		  6359	  5385	0.00000000000000000000
 751		  6227	  3021	0.00000000000000000000
 752		 20455	 10792	0.00000000000000000000
 753		 17601	  2136	0.00000000000000000000
 754		  6755	    19	0.00000000000000000000
 755		  2906	   558	0.00000000000000000000
 756		  6605	  3134	0.00000000000000000000
 757		  6622	Not Found	0.00000000000000000000
 758		  1505	  6043	0.00000000000000000000
 759		  3752	  6912	0.00000000000000000000
 760		  6549	  4718	0.00000000000000000000
 761		   950	  9641	0.00000000000000000000
 762		 16457	Not Found	0.00000000000000000000
 763		  3099	  2289	0.00000000000000000000
 764		   495	Not Found	0.00000000000000000000
 765		  9032	  8798	0.00000000000000000000
 766		 19121	Not Found	0.00000000000000000000
 767		  6540	Not Found	0.00000000000000000000
 768		  2470	    98	0.00000000000000000000
 769		  5060	  7784	0.00000000000000000000
 770		 20310	Not Found	0.00000000000000000000
 771		  7693	  1122	0.00000000000000000000
 772		 13651	Not Found	0.00100000000000000000
 773		 23025	  9514	0.00000000000000000000
 774		  3768	Not Found	0.00000000000000000000
 775		  1519	  1823	0.00000000000000000000
 776		 10065	Not Found	0.00000000000000000000
 777		  5900	  4434	0.00000000000000000000
 778		 20844	Not Found	0.00000000000000000000
 779		 13832	Not Found	0.00000000000000000000
 780		  7664	 11867	0.00000000000000000000
 781		  1074	Not Found	0.00000000000000000000
 782		   620	Not Found	0.00000000000000000000
 783		  5106	Not Found	0.00000000000000000000
 784		   110	  7701	0.00000000000000000000
 785		 18111	Not Found	0.00000000000000000000
 786		 17329	Not Found	0.00000000000000000000
 787		 17303	Not Found	0.00000000000000000000
 788		  3746	 11487	0.00000000000000000000
 789		  4728	Not Found	0.00000000000000000000
 790		 12548	Not Found	0.00000000000000000000
 791		  3180	Not Found	0.00000000000000000000
 792		 22715	Not Found	0.00000000000000000000
 793		  3366	  4872	0.00000000000000000000
 794		 17681	 10194	0.00000000000000000000
 795		  7292	  3809	0.00000000000000000000
 796		  4329	  9958	0.00000000000000000000
 797		  5508	  5387	0.00000000000000000000
 798		  5309	  3396	0.00000000000000000000
 799		  7527	Not Found	0.00000000000000000000
 800		  7514	Not Found	0.00000000000000000000
 801		  5019	 10611	0.00000000000000000000
 802		 21689	Not Found	0.00000000000000000000
 803		  7914	Not Found	0.00000000000000000000
 804		  3688	Not Found	0.00000000000000000000
 805		  9964	  3528	0.00000000000000000000
 806		 23895	Not Found	0.00000000000000000000
 807		 23393	Not Found	0.00000000000000000000
 808		 15633	  1239	0.00000000000000000000
 809		  1422	  4589	0.00000000000000000000
 810		  8349	Not Found	0.00000000000000000000
 811		  7306	  8222	0.00000000000000000000
 812		  4967	  8479	0.00000000000000000000
 813		  8600	 10607	0.00000000000000000000
 814		 18073	Not Found	0.00000000000000000000
 815		  5195	 10952	0.00000000000000000000
 816		 13000	  5082	0.00000000000000000000
 817		 18305	Not Found	0.00000000000000000000
 818		  1587	Not Found	0.00000000000000000000
 819		 15671	Not Found	0.00000000000000000000
 820		 10833	Not Found	0.00000000000000000000
 821		 10822	Not Found	0.00000000000000000000
 822		  8457	Not Found	0.00100000000000000000
 823		 17805	Not Found	0.00000000000000000000
 824		  8207	Not Found	0.00000000000000000000
 825		 20748	  1201	0.00000000000000000000
 826		 21942	Not Found	0.00000000000000000000
 827		 13633	Not Found	0.00000000000000000000
 828		  4854	  5955	0.00000000000000000000
 829		  2055	Not Found	0.00000000000000000000
 830		  7476	Not Found	0.00000000000000000000
 831		  1535	    86	0.00000000000000000000
 832		  6614	  2306	0.00000000000000000000
 833		 22682	  6612	0.00000000000000000000
 834		 10021	Not Found	0.00000000000000000000
 835		 20782	Not Found	0.00000000000000000000
 836		  4810	 11883	0.00000000000000000000
 837		 19648	Not Found	0.00000000000000000000
 838		 10412	Not Found	0.00000000000000000000
 839		  9457	Not Found	0.00000000000000000000
 840		 14259	Not Found	0.00000000000000000000
 841		   426	  3575	0.00000000000000000000
 842		  4673	Not Found	0.00000000000000000000
 843		  6068	Not Found	0.00000000000000000000
 844		 11173	Not Found	0.00000000000000000000
 845		 19882	Not Found	0.00000000000000000000
 846		 11781	Not Found	0.00000000000000000000
 847		 15653	Not Found	0.00000000000000000000
 848		 13535	Not Found	0.00000000000000000000
 849		  8079	 11456	0.00000000000000000000
 850		  6802	Not Found	0.00000000000000000000
 851		  8384	Not Found	0.00000000000000000000
 852		 22465	  9759	0.00000000000000000000
 853		  3602	  7631	0.00000000000000000000
 854		  2263	  1702	0.00000000000000000000
 855		  3344	Not Found	0.00000000000000000000
 856		  5753	Not Found	0.00000000000000000000
 857		  7408	Not Found	0.00000000000000000000
 858		  4195	  9372	0.00000000000000000000
 859		   691	  8709	0.00000000000000000000
 860		 22399	Not Found	0.00000000000000000000
 861		 11417	Not Found	0.00000000000000000000
 862		  4351	  3405	0.00000000000000000000
 863		 21341	   740	0.00000000000000000000
 864		  5634	Not Found	0.00000000000000000000
 865		  2505	  5933	0.00000000000000000000
 866		  9665	Not Found	0.00000000000000000000
 867		  5407	  1800	0.00000000000000000000
 868		 16802	  9593	0.00000000000000000000
 869		  8757	Not Found	0.00000000000000000000
 870		  3166	  4547	0.00000000000000000000
 871		 12201	Not Found	0.00000000000000000000
 872		 20511	   717	0.00000000000000000000
 873		   168	Not Found	0.00000000000000000000
 874		  2240	Not Found	0.00000000000000000000
 875		  1806	Not Found	0.00000000000000000000
 876		 17873	Not Found	0.00000000000000000000
 877		  9262	  3844	0.00000000000000000000
 878		  1368	Not Found	0.00000000000000000000
 879		 18568	Not Found	0.00000000000000000000
 880		  6874	Not Found	0.00000000000000000000
 881		 12913	Not Found	0.00000000000000000000
 882		 16886	Not Found	0.00000000000000000000
 883		 19132	  8199	0.00000000000000000000
 884		  8538	Not Found	0.00000000000000000000
 885		 22498	Not Found	0.00000000000000000000
 886		  1559	  5137	0.00000000000000000000
 887		 17215	Not Found	0.00000000000000000000
 888		  8225	Not Found	0.00000000000000000000
 889		 18778	Not Found	0.00000000000000000000
 890		 22334	Not Found	0.00000000000000000000
 891		  6040	  9501	0.00000000000000000000
 892		 22122	Not Found	0.00000000000000000000
 893		  2305	Not Found	0.00000000000000000000
 894		  6150	Not Found	0.00000000000000000000
 895		 15880	Not Found	0.00000000000000000000
 896		 15494	  1115	0.00000000000000000000
 897		  5296	Not Found	0.00000000000000000000
 898		  5622	  9276	0.00000000000000000000
 899		  8519	Not Found	0.00000000000000000000
 900		  5974	 10123	0.00000000000000000000
 901		 21010	  1835	0.00000000000000000000
 902		 10262	Not Found	0.00000000000000000000
 903		 15505	Not Found	0.00000000000000000000
 904		  1405	Not Found	0.00000000000000000000
 905		  3024	Not Found	0.00000000000000000000
 906		  8577	  6170	0.00000000000000000000
 907		 17057	Not Found	0.00000000000000000000
 908		 18261	   866	0.00000000000000000000
 909		  5357	Not Found	0.00000000000000000000
 910		  7484	Not Found	0.00000000000000000000
 911		  1725	  8906	0.00000000000000000000
 912		  5089	Not Found	0.00000000000000000000
 913		 17710	Not Found	0.00000000000000000000
 914		 17926	Not Found	0.00000000000000000000
 915		 19378	Not Found	0.00000000000000000000
 916		  3779	  7319	0.00000000000000000000
 917		 17215	Not Found	0.00000000000000000000
 918		  8496	Not Found	0.00000000000000000000
 919		  2529	   658	0.00000000000000000000
 920		  4784	Not Found	0.00000000000000000000
 921		  4178	 10852	0.00000000000000000000
 922		 20591	Not Found	0.00000000000000000000
 923		  8570	  7637	0.00000000000000000000
 924		  1248	  2371	0.00000000000000000000
 925		  6473	Not Found	0.00000000000000000000
 926		 11184	Not Found	0.00000000000000000000
 927		  3016	  8432	0.00000000000000000000
 928		 21258	Not Found	0.00000000000000000000
 929		   982	Not Found	0.00000000000000000000
 930		  6763	Not Found	0.00000000000000000000
 931		   622	  2311	0.00000000000000000000
 932		  3471	Not Found	0.00000000000000000000
 933		 23329	Not Found	0.00000000000000000000
 934		  8059	Not Found	0.00000000000000000000
 935		   176	 11772	0.00000000000000000000
 936		  5174	  3007	0.00000000000000000000
 937		 16489	   580	0.00000000000000000000
 938		  2925	  4759	0.00000000000000000000
 939		  4596	  6678	0.00000000000000000000
 940		  7128	Not Found	0.00000000000000000000
 941		  1519	  1823	0.00000000000000000000
 942		 19031	Not Found	0.00000000000000000000
 943		 13066	  9651	0.00000000000000000000
 944		 16540	Not Found	0.00000000000000000000
 945		 10192	   450	0.00000000000000000000
 946		 19883	Not Found	0.00000000000000000000
 947		  2667	Not Found	0.00000000000000000000
 948		 22822	Not Found	0.00000000000000000000
 949		 22193	  5798	0.00000000000000000000
 950		  6411	Not Found	0.00000000000000000000
 951		  4094	  3993	0.00000000000000000000
 952		   268	Not Found	0.00000000000000000000
 953		 14047	   443	0.00000000000000000000
 954		  2143	Not Found	0.00000000000000000000
 955		 18017	Not Found	0.00000000000000000000
 956		   138	Not Found	0.00000000000000000000
 957		  9335	Not Found	0.00000000000000000000
 958		 16486	  3937	0.00000000000000000000
 959		  6309	  3605	0.00000000000000000000
 960		  1974	  5947	0.00000000000000000000
 961		 12612	Not Found	0.00000000000000000000
 962		   137	  8666	0.00000000000000000000
 963		  4762	  5742	0.00000000000000000000
 964		 20342	Not Found	0.00000000000000000000
 965		  4136	Not Found	0.00000000000000000000
 966		  6710	  4334	0.00000000000000000000
 967		  9486	  7052	0.00000000000000000000
 968		  8496	Not Found	0.00000000000000000000
 969		 20413	Not Found	0.00000000000000000000
 970		 12395	Not Found	0.00000000000000000000
 971		  2512	  1663	0.00000000000000000000
 972		  2562	Not Found	0.00000000000000000000
 973		 10299	  6156	0.00000000000000000000
 974		  1937	Not Found	0.00000000000000000000
 975		 19002	Not Found	0.00000000000000000000
 976		 23731	Not Found	0.00000000000000000000
 977		   733	Not Found	0.00000000000000000000
 978		  2124	Not Found	0.00000000000000000000
 979		  6318	  7026	0.00000000000000000000
 980		  5290	Not Found	0.00000000000000000000
 981		  3839	Not Found	0.00000000000000000000
 982		  5968	Not Found	0.00000000000000000000
 983		  4575	Not Found	0.00000000000000000000
 984		 15198	  8731	0.00000000000000000000
 985		 14411	  9976	0.00000000000000000000
 986		 18038	Not Found	0.00000000000000000000
 987		  7123	Not Found	0.00000000000000000000
 988		 16910	  1669	0.00000000000000000000
 989		  4884	 10620	0.00000000000000000000
 990		  4879	  2909	0.00000000000000000000
 991		 13480	Not Found	0.00000000000000000000
 992		  9138	Not Found	0.00000000000000000000
 993		  5122	  3723	0.00000000000000000000
 994		  5432	  3790	0.00000000000000000000
 995		  9301	Not Found	0.00000000000000000000
 996		  1393	Not Found	0.00000000000000000000
 997		  6128	   641	0.00000000000000000000
 998		 17390	  6103	0.00000000000000000000
 999		 18099	Not Found	0.00000000000000000000
1000		 14804	   807	0.00000000000000000000
