LINEAR SEARCH ANALYSIS
Array Size = 9000
-------------------------------------------
Iteration	Key	Index	Time (sec)
-------------------------------------------
   1		  6036	  4065	0.00000000000000000000
   2		 10511	  5818	0.00000000000000000000
   3		 11014	Not Found	0.00000000000000000000
   4		 10157	Not Found	0.00000000000000000000
   5		 12931	Not Found	0.00000000000000000000
   6		 10227	  2569	0.00000000000000000000
   7		  4715	  2865	0.00000000000000000000
   8		  8793	  3217	0.00000000000000000000
   9		 13690	  5790	0.00000000000000000000
  10		  9948	Not Found	0.00000000000000000000
  11		 12475	Not Found	0.00000000000000000000
  12		  2187	  2076	0.00000000000000000000
  13		  7362	Not Found	0.00000000000000000000
  14		  4875	Not Found	0.00000000000000000000
  15		  4928	   588	0.00000000000000000000
  16		 17458	  6094	0.00000000000000000000
  17		  1560	  1067	0.00000000000000000000
  18		 14208	Not Found	0.00000000000000000000
  19		 13215	  4810	0.00000000000000000000
  20		   753	Not Found	0.00000000000000000000
  21		 11228	   185	0.00000000000000000000
  22		  1703	  1847	0.00000000000000000000
  23		 11613	Not Found	0.00000000000000000000
  24		  9608	  5361	0.00000000000000000000
  25		 10136	  3643	0.00000000000000000000
  26		  1285	Not Found	0.00000000000000000000
  27		 11649	Not Found	0.00000000000000000000
  28		  1135	Not Found	0.00000000000000000000
  29		  5746	Not Found	0.00000000000000000000
  30		  2692	Not Found	0.00000000000000000000
  31		  7500	Not Found	0.00000000000000000000
  32		 13354	Not Found	0.00000000000000000000
  33		  9555	  6934	0.00000000000000000000
  34		  5324	Not Found	0.00000000000000000000
  35		  4294	Not Found	0.00000000000000000000
  36		 11865	Not Found	0.00000000000000000000
  37		  3849	Not Found	0.00000000000000000000
  38		 14067	Not Found	0.00000000000000000000
  39		 16059	Not Found	0.00000000000000000000
  40		  2607	Not Found	0.00000000000000000000
  41		  8825	  4102	0.00000000000000000000
  42		  7253	  1206	0.00000000000000000000
  43		  7398	Not Found	0.00000000000000000000
  44		  4598	Not Found	0.00000000000000000000
  45		   729	  5585	0.00000000000000000000
  46		 10983	Not Found	0.00000000000000000000
  47		  3917	Not Found	0.00000000000000000000
  48		  7985	Not Found	0.00000000000000000000
  49		 14766	Not Found	0.00000000000000000000
  50		 14600	  7538	0.00000000000000000000
  51		  7213	Not Found	0.00000000000000000000
  52		   547	Not Found	0.00000000000000000000
  53		 16865	  6252	0.00000000000000000000
  54		 12921	Not Found	0.00000000000000000000
  55		 15127	Not Found	0.00000000000000000000
  56		  8910	Not Found	0.00000000000000000000
  57		 11879	Not Found	0.00000000000000000000
  58		  7855	Not Found	0.00000000000000000000
  59		  7819	Not Found	0.00000000000000000000
  60		  5917	Not Found	0.00000000000000000000
  61		 14289	Not Found	0.00000000000000000000
  62		  7639	  1736	0.00000000000000000000
  63		 13012	Not Found	0.00000000000000000000
  64		   102	  4915	0.00000000000000000000
  65		  3329	Not Found	0.00000000000000000000
  66		 15545	Not Found	0.00000000000000000000
  67		 17733	Not Found	0.00000000000000000000
  68		 17930	Not Found	0.00000000000000000000
  69		 13343	  4645	0.00000000000000000000
  70		  8448	Not Found	0.00000000000000000000
  71		 14322	    75	0.00000000000000000000
  72		  8176	Not Found	0.00000000000000000000
  73		 15163	Not Found	0.00000000000000000000
  74		  3257	Not Found	0.00000000000000000000
  75		  5777	Not Found	0.00000000000000000000
  76		  1217	Not Found	0.00000000000000000000
  77		 17139	Not Found	0.00000000000000000000
  78		 10825	Not Found	0.00000000000000000000
  79		  6642	Not Found	0.00000000000000000000
  80		 12629	  4466	0.00000000000000000000
  81		 16247	Not Found	0.00000000000000000000
  82		  2596	  6050	0.00000000000000000000
  83		   654	Not Found	0.00000000000000000000
  84		  8637	Not Found	0.00000000000000000000
  85		 13739	   510	0.00000000000000000000
  86		 12188	  1719	0.00000000000000000000
  87		 16908	  4307	0.00000000000000000000
  88		  8018	   567	0.00000000000000000000
  89		  5917	Not Found	0.00000000000000000000
  90		  8407	Not Found	0.00000000000000000000
  91		  6074	Not Found	0.00000000000000000000
  92		   191	  6898	0.00000000000000000000
  93		  5272	  1869	0.00000000000000000000
  94		  1156	  6519	0.00000000000000000000
  95		 10697	  2938	0.00000000000000000000
  96		 13450	Not Found	0.00000000000000000000
  97		  7640	Not Found	0.00000000000000000000
  98		  4687	  3426	0.00000000000000000000
  99		  8377	     4	0.00000000000000000000
 100		 13097	   426	0.00000000000000000000
 101		  3534	Not Found	0.00000000000000000000
 102		  9987	  5511	0.00000000000000000000
 103		 10008	Not Found	0.00000000000000000000
 104		 13714	Not Found	0.00000000000000000000
 105		  9318	  4543	0.00000000000000000000
 106		  1071	Not Found	0.00000000000000000000
 107		  6469	Not Found	0.00000000000000000000
 108		 15203	Not Found	0.00000000000000000000
 109		 11912	   629	0.00000000000000000000
 110		  5868	Not Found	0.00000000000000000000
 111		   745	Not Found	0.00000000000000000000
 112		 11124	Not Found	0.00000000000000000000
 113		  4380	Not Found	0.00000000000000000000
 114		 14334	Not Found	0.00000000000000000000
 115		  3161	  2325	0.00000000000000000000
 116		  6185	  1746	0.00000000000000000000
 117		  1026	Not Found	0.00000000000000000000
 118		  6937	  6678	0.00000000000000000000
 119		  7925	   645	0.00000000000000000000
 120		  9453	  8930	0.00000000000000000000
 121		  2576	Not Found	0.00000000000000000000
 122		 14758	Not Found	0.00000000000000000000
 123		   388	Not Found	0.00000000000000000000
 124		  8379	Not Found	0.00000000000000000000
 125		 11917	Not Found	0.00000000000000000000
 126		  4837	  2854	0.00000000000000000000
 127		  3044	  2172	0.00000000000000000000
 128		   126	  1823	0.00000000000000000000
 129		  5422	  1257	0.00000000000000000000
 130		  1205	Not Found	0.00000000000000000000
 131		   588	Not Found	0.00000000000000000000
 132		  7708	Not Found	0.00000000000000000000
 133		 10654	Not Found	0.00000000000000000000
 134		  8627	Not Found	0.00000000000000000000
 135		 13781	  7002	0.00000000000000000000
 136		 11582	Not Found	0.00000000000000000000
 137		  9028	Not Found	0.00000000000000000000
 138		  3216	Not Found	0.00000000000000000000
 139		  3641	  4653	0.00000000000000000000
 140		  3476	  4772	0.00000000000000000000
 141		  1103	Not Found	0.00000000000000000000
 142		  8294	   739	0.00000000000000000000
 143		 10026	Not Found	0.00000000000000000000
 144		 15495	Not Found	0.00000000000000000000
 145		  3893	Not Found	0.00000000000000000000
 146		  5051	Not Found	0.00000000000000000000
 147		 14598	  2637	0.00000000000000000000
 148		  3182	  5270	0.00000000000000000000
 149		  2637	  4051	0.00000000000000000000
 150		  8855	Not Found	0.00000000000000000000
 151		 15305	Not Found	0.00000000000000000000
 152		 15253	Not Found	0.00000000000000000000
 153		 12233	Not Found	0.00000000000000000000
 154		  8595	Not Found	0.00000000000000000000
 155		  9587	Not Found	0.00000000000000000000
 156		   203	Not Found	0.00000000000000000000
 157		  8649	  7038	0.00000000000000000000
 158		 11762	Not Found	0.00000000000000000000
 159		  7468	Not Found	0.00000000000000000000
 160		 14378	Not Found	0.00000000000000000000
 161		  5963	Not Found	0.00000000000000000000
 162		   196	Not Found	0.00000000000000000000
 163		 10806	  4835	0.00000000000000000000
 164		  4941	Not Found	0.00000000000000000000
 165		  7063	Not Found	0.00000000000000000000
 166		  1801	   618	0.00000000000000000000
 167		 12002	Not Found	0.00000000000000000000
 168		  8429	Not Found	0.00000000000000000000
 169		  7611	  5491	0.00000000000000000000
 170		  3315	   155	0.00000000000000000000
 171		 11237	Not Found	0.00000000000000000000
 172		 10860	   414	0.00000000000000000000
 173		 12578	  8534	0.00000000000000000000
 174		 10079	   901	0.00000000000000000000
 175		 12748	Not Found	0.00000000000000000000
 176		  2678	   463	0.00000000000000000000
 177		  8634	Not Found	0.00000000000000000000
 178		 12934	Not Found	0.00000000000000000000
 179		  8909	Not Found	0.00000000000000000000
 180		 13989	  6646	0.00000000000000000000
 181		  9989	  1217	0.00000000000000000000
 182		  1118	  8043	0.00000000000000000000
 183		  2640	  7747	0.00000000000000000000
 184		 10372	Not Found	0.00000000000000000000
 185		  4688	Not Found	0.00000000000000000000
 186		   550	Not Found	0.00000000000000000000
 187		 11807	Not Found	0.00000000000000000000
 188		 15285	Not Found	0.00000000000000000000
 189		  2931	  5067	0.00000000000000000000
 190		  9571	  4597	0.00000000000000000000
 191		  5546	Not Found	0.00000000000000000000
 192		  6599	  1430	0.00000000000000000000
 193		 12137	Not Found	0.00000000000000000000
 194		  2628	Not Found	0.00000000000000000000
 195		  6477	  4199	0.00000000000000000000
 196		   802	Not Found	0.00000000000000000000
 197		  6465	  8757	0.00000000000000000000
 198		  2732	  1947	0.00000000000000000000
 199		  5958	  2305	0.00000000000000000000
 200		  8582	Not Found	0.00000000000000000000
 201		   275	Not Found	0.00000000000000000000
 202		  2705	Not Found	0.00000000000000000000
 203		 14049	Not Found	0.00000000000000000000
 204		 15939	  1056	0.00000000000000000000
 205		  3863	  1967	0.00000000000000000000
 206		   993	  2346	0.00000000000000000000
 207		  5335	  5829	0.00000000000000000000
 208		 12825	Not Found	0.00000000000000000000
 209		  6034	   828	0.00000000000000000000
 210		 13269	  8229	0.00000000000000000000
 211		  9351	Not Found	0.00000000000000000000
 212		 16260	  6397	0.00000000000000000000
 213		  6466	  1646	0.00000000000000000000
 214		 12232	Not Found	0.00000000000000000000
 215		  8915	  6289	0.00000000000000000000
 216		  3744	  6186	0.00000000000000000000
 217		   557	Not Found	0.00000000000000000000
 218		  7129	Not Found	0.00000000000000000000
 219		  8190	  4385	0.00000000000000000000
 220		  9011	  1417	0.00000000000000000000
 221		 12197	Not Found	0.00000000000000000000
 222		 14623	  4624	0.00000000000000000000
 223		  8548	  4870	0.00000000000000000000
 224		 13467	Not Found	0.00000000000000000000
 225		  4238	  1956	0.00000000000000000000
 226		  5644	    79	0.00000000000000000000
 227		 12667	   650	0.00000000000000000000
 228		 16901	Not Found	0.00000000000000000000
 229		  6227	  4849	0.00000000000000000000
 230		  7670	Not Found	0.00000000000000000000
 231		 11865	Not Found	0.00000000000000000000
 232		 14048	Not Found	0.00000000000000000000
 233		 16886	Not Found	0.00000000000000000000
 234		  8594	  7244	0.00000000000000000000
 235		 16646	Not Found	0.00000000000000000000
 236		 13202	Not Found	0.01499999999999999900
 237		  1527	Not Found	0.00000000000000000000
 238		  7825	  2391	0.00000000000000000000
 239		  2371	   310	0.00000000000000000000
 240		  2073	Not Found	0.00000000000000000000
 241		   183	  6593	0.00000000000000000000
 242		 10288	Not Found	0.00000000000000000000
 243		 13259	Not Found	0.00000000000000000000
 244		  6788	   174	0.00000000000000000000
 245		  8492	  8176	0.00000000000000000000
 246		  9419	  1552	0.00000000000000000000
 247		  9577	Not Found	0.00000000000000000000
 248		 13523	Not Found	0.00000000000000000000
 249		 12647	Not Found	0.00000000000000000000
 250		 11474	  1738	0.00000000000000000000
 251		  6730	  3143	0.00000000000000000000
 252		  9900	   293	0.00000000000000000000
 253		  6613	Not Found	0.00000000000000000000
 254		 16606	Not Found	0.00000000000000000000
 255		  9908	  7417	0.00000000000000000000
 256		  3808	  1470	0.00000000000000000000
 257		 13380	   742	0.00000000000000000000
 258		  9029	Not Found	0.00000000000000000000
 259		  5447	Not Found	0.00000000000000000000
 260		  2141	  6789	0.00000000000000000000
 261		  3991	  1961	0.00000000000000000000
 262		  2348	  3900	0.00000000000000000000
 263		  3636	Not Found	0.00000000000000000000
 264		  8357	Not Found	0.00000000000000000000
 265		 15354	   902	0.00000000000000000000
 266		  1293	Not Found	0.00000000000000000000
 267		   907	Not Found	0.00000000000000000000
 268		 11199	Not Found	0.00000000000000000000
 269		  2873	   508	0.00000000000000000000
 270		 14090	  2631	0.00000000000000000000
 271		  5673	  4935	0.00000000000000000000
 272		 14236	Not Found	0.00000000000000000000
 273		  3519	Not Found	0.00000000000000000000
 274		 14096	Not Found	0.00000000000000000000
 275		  8209	   115	0.00000000000000000000
 276		  2893	  8745	0.00000000000000000000
 277		  9691	Not Found	0.00000000000000000000
 278		  5231	Not Found	0.00000000000000000000
 279		 16234	Not Found	0.00000000000000000000
 280		  1539	  7072	0.00000000000000000000
 281		  6280	  1516	0.00000000000000000000
 282		 14137	  1312	0.00000000000000000000
 283		 13962	  7483	0.00000000000000000000
 284		  6536	Not Found	0.00000000000000000000
 285		 17084	Not Found	0.00000000000000000000
 286		 12697	  1514	0.00000000000000000000
 287		 11522	Not Found	0.00000000000000000000
 288		  3196	  7302	0.00000000000000000000
 289		 15329	Not Found	0.00000000000000000000
 290		 15206	Not Found	0.00000000000000000000
 291		 10202	  3779	0.00000000000000000000
 292		 11330	  3510	0.00000000000000000000
 293		 15667	Not Found	0.00000000000000000000
 294		  3064	  4298	0.00000000000000000000
 295		 12573	Not Found	0.00000000000000000000
 296		 11948	Not Found	0.00000000000000000000
 297		  6249	  8776	0.00000000000000000000
 298		  1595	  2554	0.00000000000000000000
 299		  1257	Not Found	0.00000000000000000000
 300		 14547	Not Found	0.00000000000000000000
 301		   407	  1270	0.00000000000000000000
 302		  9393	  1023	0.00000000000000000000
 303		  2448	Not Found	0.00000000000000000000
 304		  9116	  6714	0.00000000000000000000
 305		 12371	  7873	0.00000000000000000000
 306		  1437	Not Found	0.00000000000000000000
 307		  6626	Not Found	0.00000000000000000000
 308		  1799	Not Found	0.00000000000000000000
 309		  7191	  1487	0.00000000000000000000
 310		  1709	Not Found	0.00000000000000000000
 311		  1423	  7068	0.00000000000000000000
 312		  4378	  3739	0.00000000000000000000
 313		  4502	Not Found	0.00000000000000000000
 314		   311	Not Found	0.00000000000000000000
 315		  2199	  8528	0.00000000000000000000
 316		 13102	Not Found	0.00000000000000000000
 317		  2786	Not Found	0.00000000000000000000
 318		 15864	Not Found	0.00000000000000000000
 319		   676	  5137	0.00000000000000000000
 320		 13657	Not Found	0.00000000000000000000
 321		 12206	Not Found	0.00000000000000000000
 322		  4776	  2120	0.00000000000000000000
 323		 11627	  4224	0.00000000000000000000
 324		   268	Not Found	0.00000000000000000000
 325		  1600	    37	0.00000000000000000000
 326		  5906	Not Found	0.00000000000000000000
 327		  6447	Not Found	0.00000000000000000000
 328		   476	Not Found	0.00000000000000000000
 329		  5257	  2859	0.00000000000000000000
 330		  3395	Not Found	0.00000000000000000000
 331		  4966	Not Found	0.00000000000000000000
 332		 17462	Not Found	0.00000000000000000000
 333		 13207	Not Found	0.00000000000000000000
 334		 12065	Not Found	0.00000000000000000000
 335		 12832	Not Found	0.00000000000000000000
 336		  9727	Not Found	0.00000000000000000000
 337		 16651	Not Found	0.00000000000000000000
 338		 13998	  2558	0.00000000000000000000
 339		 13013	Not Found	0.00000000000000000000
 340		  6491	Not Found	0.00000000000000000000
 341		  1623	Not Found	0.00000000000000000000
 342		 16685	  1698	0.00000000000000000000
 343		  6607	   722	0.00000000000000000000
 344		  2303	Not Found	0.00000000000000000000
 345		 15642	Not Found	0.00000000000000000000
 346		  5364	Not Found	0.00000000000000000000
 347		  1368	  2044	0.00000000000000000000
 348		  3848	   696	0.00000000000000000000
 349		  4863	Not Found	0.00000000000000000000
 350		  7330	  2420	0.00000000000000000000
 351		  9124	  6089	0.00000000000000000000
 352		 13661	Not Found	0.00000000000000000000
 353		 14482	Not Found	0.00000000000000000000
 354		  3443	Not Found	0.00000000000000000000
 355		 10962	   833	0.00000000000000000000
 356		  6194	  7529	0.00000000000000000000
 357		  5941	Not Found	0.00000000000000000000
 358		  2913	  8281	0.00000000000000000000
 359		  3951	  4118	0.00000000000000000000
 360		  3119	  4815	0.00000000000000000000
 361		   419	  1121	0.00000000000000000000
 362		  6462	Not Found	0.00000000000000000000
 363		  7548	  3394	0.00000000000000000000
 364		  3761	Not Found	0.00000000000000000000
 365		 11251	Not Found	0.00000000000000000000
 366		  2224	Not Found	0.00000000000000000000
 367		 17890	  8838	0.00000000000000000000
 368		  3999	  4082	0.00000000000000000000
 369		  8158	Not Found	0.00000000000000000000
 370		  1036	Not Found	0.00000000000000000000
 371		  7347	  1705	0.00000000000000000000
 372		 17855	Not Found	0.00000000000000000000
 373		  3588	  7736	0.00000000000000000000
 374		  3478	Not Found	0.00000000000000000000
 375		  9714	  2235	0.00000000000000000000
 376		 17562	  4566	0.00000000000000000000
 377		  7452	Not Found	0.00000000000000000000
 378		 16535	  2228	0.00000000000000000000
 379		 10405	   238	0.00000000000000000000
 380		 11389	  8315	0.00000000000000000000
 381		 13963	  2766	0.00000000000000000000
 382		  2112	  1273	0.00000000000000000000
 383		     9	Not Found	0.00000000000000000000
 384		  5666	Not Found	0.00000000000000000000
 385		  1751	  7519	0.00000000000000000000
 386		  8622	Not Found	0.00000000000000000000
 387		  1528	  2912	0.00000000000000000000
 388		   110	  3600	0.00000000000000000000
 389		  2508	  7447	0.00000000000000000000
 390		  6990	  8495	0.00000000000000000000
 391		  9175	   855	0.00000000000000000000
 392		  2428	Not Found	0.00000000000000000000
 393		 17662	Not Found	0.00000000000000000000
 394		   275	Not Found	0.00000000000000000000
 395		 11363	  3914	0.00000000000000000000
 396		  4090	Not Found	0.00000000000000000000
 397		 12321	   503	0.00000000000000000000
 398		 11782	Not Found	0.00000000000000000000
 399		  7149	Not Found	0.00000000000000000000
 400		 12147	Not Found	0.00000000000000000000
 401		  5046	  3519	0.00000000000000000000
 402		  6286	  5017	0.00000000000000000000
 403		  2754	Not Found	0.00000000000000000000
 404		  3309	  4093	0.00000000000000000000
 405		  9190	Not Found	0.00000000000000000000
 406		 14736	    85	0.00000000000000000000
 407		 13296	  2665	0.00000000000000000000
 408		 16083	Not Found	0.00000000000000000000
 409		 13267	  4098	0.00000000000000000000
 410		  5704	  7730	0.00000000000000000000
 411		  5558	Not Found	0.00000000000000000000
 412		 10405	   238	0.00000000000000000000
 413		 12701	Not Found	0.00000000000000000000
 414		 16249	Not Found	0.00000000000000000000
 415		 13708	  1323	0.00000000000000000000
 416		  7807	Not Found	0.00000000000000000000
 417		  3027	Not Found	0.00000000000000000000
 418		 15297	Not Found	0.00000000000000000000
 419		 11187	Not Found	0.00000000000000000000
 420		  8151	Not Found	0.00000000000000000000
 421		  9691	Not Found	0.00000000000000000000
 422		 12225	Not Found	0.00000000000000000000
 423		 13438	Not Found	0.00000000000000000000
 424		  1707	Not Found	0.00000000000000000000
 425		  4500	Not Found	0.00000000000000000000
 426		  4651	   911	0.00000000000000000000
 427		  2545	Not Found	0.00000000000000000000
 428		  5931	  5973	0.00000000000000000000
 429		  8169	  2663	0.00000000000000000000
 430		  8140	Not Found	0.00000000000000000000
 431		  9529	Not Found	0.00000000000000000000
 432		  4530	  5428	0.00000000000000000000
 433		  9353	Not Found	0.00000000000000000000
 434		 10589	Not Found	0.00000000000000000000
 435		  5836	Not Found	0.00000000000000000000
 436		  3403	  3585	0.00000000000000000000
 437		    37	  8002	0.00000000000000000000
 438		  5829	Not Found	0.00000000000000000000
 439		 10370	  2571	0.00000000000000000000
 440		  5778	Not Found	0.00000000000000000000
 441		 17545	Not Found	0.00000000000000000000
 442		  9697	Not Found	0.00000000000000000000
 443		 15620	Not Found	0.00000000000000000000
 444		  7640	Not Found	0.00000000000000000000
 445		 16734	Not Found	0.00000000000000000000
 446		  1270	  1842	0.00000000000000000000
 447		 10452	  1234	0.00000000000000000000
 448		  4971	Not Found	0.00000000000000000000
 449		 14607	Not Found	0.00000000000000000000
 450		  8165	Not Found	0.00000000000000000000
 451		 12350	Not Found	0.00000000000000000000
 452		  4982	Not Found	0.00000000000000000000
 453		  8315	Not Found	0.00000000000000000000
 454		   801	Not Found	0.00000000000000000000
 455		 11453	  3566	0.00000000000000000000
 456		 10244	Not Found	0.00000000000000000000
 457		   331	Not Found	0.00000000000000000000
 458		 11118	Not Found	0.00000000000000000000
 459		  6848	  3264	0.00000000000000000000
 460		 10827	    18	0.00000000000000000000
 461		 12053	  1518	0.00000000000000000000
 462		 10490	  3331	0.00000000000000000000
 463		 11646	Not Found	0.00000000000000000000
 464		  8262	Not Found	0.00000000000000000000
 465		 13472	Not Found	0.00000000000000000000
 466		 12192	  8059	0.00000000000000000000
 467		  8809	Not Found	0.00000000000000000000
 468		   755	Not Found	0.00000000000000000000
 469		   472	Not Found	0.00000000000000000000
 470		 13450	Not Found	0.00000000000000000000
 471		  8879	  8199	0.00000000000000000000
 472		  3775	Not Found	0.00000000000000000000
 473		  6628	  2421	0.00000000000000000000
 474		  5671	Not Found	0.00000000000000000000
 475		  7462	  2394	0.00000000000000000000
 476		  7743	  5594	0.00000000000000000000
 477		   918	Not Found	0.00000000000000000000
 478		  8030	Not Found	0.00000000000000000000
 479		  9705	  7274	0.00000000000000000000
 480		 12496	Not Found	0.00000000000000000000
 481		 10211	Not Found	0.00000000000000000000
 482		 10562	Not Found	0.00000000000000000000
 483		 11966	Not Found	0.00000000000000000000
 484		  2401	Not Found	0.00000000000000000000
 485		 15476	Not Found	0.00000000000000000000
 486		  1622	  1802	0.00000000000000000000
 487		  9627	  4600	0.00000000000000000000
 488		  2239	  4438	0.00000000000000000000
 489		 13676	Not Found	0.00000000000000000000
 490		  8771	Not Found	0.00000000000000000000
 491		  7496	Not Found	0.00000000000000000000
 492		  9921	  6204	0.00000000000000000000
 493		 11195	Not Found	0.00000000000000000000
 494		 17815	Not Found	0.00000000000000000000
 495		   277	Not Found	0.00000000000000000000
 496		  8902	Not Found	0.00000000000000000000
 497		   147	Not Found	0.00000000000000000000
 498		 11984	  4458	0.00000000000000000000
 499		  5663	  4483	0.00000000000000000000
 500		 10044	Not Found	0.00000000000000000000
 501		  5577	  2963	0.00000000000000000000
 502		 16250	Not Found	0.00000000000000000000
 503		 13696	  6312	0.00000000000000000000
 504		  3650	  4758	0.00000000000000000000
 505		  7981	  2591	0.00000000000000000000
 506		 17733	Not Found	0.00000000000000000000
 507		   501	   957	0.00000000000000000000
 508		  3120	Not Found	0.00000000000000000000
 509		 15613	Not Found	0.00000000000000000000
 510		  4874	Not Found	0.00000000000000000000
 511		  6628	  2421	0.00000000000000000000
 512		 10629	Not Found	0.00000000000000000000
 513		  7911	  4089	0.00000000000000000000
 514		   927	Not Found	0.00000000000000000000
 515		  9069	Not Found	0.00000000000000000000
 516		  8273	Not Found	0.00000000000000000000
 517		  4238	  1956	0.00000000000000000000
 518		 16921	Not Found	0.00000000000000000000
 519		 11296	Not Found	0.00000000000000000000
 520		  8645	Not Found	0.00000000000000000000
 521		  4175	Not Found	0.00000000000000000000
 522		  9186	Not Found	0.00000000000000000000
 523		 12559	  1264	0.00000000000000000000
 524		 16727	  3700	0.00000000000000000000
 525		  7861	  6193	0.00000000000000000000
 526		   588	Not Found	0.00000000000000000000
 527		  3429	Not Found	0.00000000000000000000
 528		  7690	Not Found	0.00000000000000000000
 529		  1545	  8304	0.00000000000000000000
 530		  7029	  3100	0.00000000000000000000
 531		  6936	Not Found	0.00000000000000000000
 532		 11086	Not Found	0.00000000000000000000
 533		 13934	Not Found	0.00000000000000000000
 534		 16971	Not Found	0.00000000000000000000
 535		 11851	  8844	0.00000000000000000000
 536		  8195	  1236	0.00000000000000000000
 537		  9884	Not Found	0.00000000000000000000
 538		   625	  3644	0.00000000000000000000
 539		  9464	  3994	0.00000000000000000000
 540		  5316	Not Found	0.00000000000000000000
 541		  6683	Not Found	0.00000000000000000000
 542		   402	  2803	0.00000000000000000000
 543		  3004	  5705	0.00000000000000000000
 544		 11906	Not Found	0.00000000000000000000
 545		 12899	Not Found	0.00000000000000000000
 546		  4645	Not Found	0.00000000000000000000
 547		  1234	Not Found	0.00000000000000000000
 548		  2062	Not Found	0.00000000000000000000
 549		  1937	Not Found	0.00000000000000000000
 550		  5650	  1818	0.00000000000000000000
 551		 16724	Not Found	0.00000000000000000000
 552		  4092	Not Found	0.00000000000000000000
 553		 11820	Not Found	0.00000000000000000000
 554		 15045	Not Found	0.00000000000000000000
 555		  7423	Not Found	0.00000000000000000000
 556		  8052	Not Found	0.00000000000000000000
 557		  2745	Not Found	0.00000000000000000000
 558		 17072	Not Found	0.00000000000000000000
 559		  1735	  2059	0.00000000000000000000
 560		  5386	  7388	0.00000000000000000000
 561		 10652	  4448	0.00000000000000000000
 562		   262	Not Found	0.00000000000000000000
 563		   475	Not Found	0.00000000000000000000
 564		  4224	Not Found	0.00000000000000000000
 565		  1328	Not Found	0.00000000000000000000
 566		  7845	   622	0.00000000000000000000
 567		 13610	Not Found	0.00000000000000000000
 568		 11419	Not Found	0.00000000000000000000
 569		 10809	  8724	0.00000000000000000000
 570		  1731	  8540	0.00000000000000000000
 571		 11623	Not Found	0.00000000000000000000
 572		  3939	Not Found	0.00000000000000000000
 573		  1959	Not Found	0.00000000000000000000
 574		  9309	  6465	0.00000000000000000000
 575		  9081	Not Found	0.00000000000000000000
 576		 11775	Not Found	0.00000000000000000000
 577		  2718	Not Found	0.00000000000000000000
 578		 10507	  4665	0.00000000000000000000
 579		 17349	  7617	0.00000000000000000000
 580		 10065	Not Found	0.00000000000000000000
 581		  6644	  5613	0.00000000000000000000
 582		 14552	  2970	0.00000000000000000000
 583		  5104	  5837	0.00000000000000000000
 584		  5197	Not Found	0.00000000000000000000
 585		  9723	  6057	0.00000000000000000000
 586		 10433	  7384	0.00000000000000000000
 587		 12015	  8232	0.00000000000000000000
 588		  7536	Not Found	0.00000000000000000000
 589		 11584	  4178	0.00000000000000000000
 590		   556	   908	0.00000000000000000000
 591		  2290	  7373	0.00000000000000000000
 592		   430	Not Found	0.00000000000000000000
 593		  7570	  1125	0.00000000000000000000
 594		  8795	  8081	0.00000000000000000000
 595		 16977	Not Found	0.00000000000000000000
 596		  8940	  5218	0.00000000000000000000
 597		  9351	Not Found	0.00000000000000000000
 598		  3361	Not Found	0.00000000000000000000
 599		  3093	Not Found	0.00000000000000000000
 600		  5008	Not Found	0.00000000000000000000
 601		  9275	Not Found	0.00000000000000000000
 602		 13844	  3038	0.00000000000000000000
 603		  4026	Not Found	0.00000000000000000000
 604		 14198	  2242	0.00000000000000000000
 605		 11547	  4354	0.00000000000000000000
 606		  9476	  7676	0.00000000000000000000
 607		 10803	Not Found	0.00000000000000000000
 608		 11668	  2966	0.00000000000000000000
 609		  7569	  5394	0.00000000000000000000
 610		  1642	Not Found	0.00000000000000000000
 611		 12847	Not Found	0.00000000000000000000
 612		   640	Not Found	0.00000000000000000000
 613		 11632	Not Found	0.00000000000000000000
 614		 16164	Not Found	0.00000000000000000000
 615		  6555	  8306	0.00000000000000000000
 616		  5024	  3262	0.00000000000000000000
 617		 12115	   195	0.00000000000000000000
 618		  3313	Not Found	0.00000000000000000000
 619		  8808	Not Found	0.00000000000000000000
 620		  3955	  1245	0.00000000000000000000
 621		  9313	  6579	0.00000000000000000000
 622		 11352	Not Found	0.00000000000000000000
 623		 15582	Not Found	0.00000000000000000000
 624		  3710	   133	0.00000000000000000000
 625		 10292	Not Found	0.00000000000000000000
 626		  8078	Not Found	0.00000000000000000000
 627		  5377	  3563	0.00000000000000000000
 628		  8009	  8094	0.00000000000000000000
 629		  6026	Not Found	0.00000000000000000000
 630		  9335	Not Found	0.00000000000000000000
 631		  5651	Not Found	0.00000000000000000000
 632		  1403	Not Found	0.00000000000000000000
 633		  2459	Not Found	0.00000000000000000000
 634		 17628	  6969	0.00000000000000000000
 635		  2106	  7026	0.00000000000000000000
 636		 11363	  3914	0.00000000000000000000
 637		  4749	   773	0.00000000000000000000
 638		  6110	Not Found	0.00000000000000000000
 639		   739	Not Found	0.00000000000000000000
 640		 10697	  2938	0.00000000000000000000
 641		  3700	  4569	0.00000000000000000000
 642		  4890	  1910	0.00000000000000000000
 643		 10471	  1758	0.00000000000000000000
 644		   517	Not Found	0.00000000000000000000
 645		  3981	Not Found	0.00000000000000000000
 646		  5278	Not Found	0.00000000000000000000
 647		 12125	  5304	0.00000000000000000000
 648		  5854	  6241	0.00000000000000000000
 649		 17117	   319	0.00000000000000000000
 650		  9355	Not Found	0.00000000000000000000
 651		  8353	Not Found	0.00000000000000000000
 652		  6613	Not Found	0.00000000000000000000
 653		  3910	  8710	0.00000000000000000000
 654		  6027	Not Found	0.00000000000000000000
 655		  6563	Not Found	0.00000000000000000000
 656		 14099	Not Found	0.00000000000000000000
 657		  9162	Not Found	0.00000000000000000000
 658		 14036	Not Found	0.00000000000000000000
 659		 14691	Not Found	0.00000000000000000000
 660		  3343	Not Found	0.00000000000000000000
 661		  7187	Not Found	0.00000000000000000000
 662		  6302	  1767	0.00000000000000000000
 663		  7564	Not Found	0.00000000000000000000
 664		  7493	  1809	0.00000000000000000000
 665		 10658	Not Found	0.00000000000000000000
 666		  4690	  4150	0.00000000000000000000
 667		 14766	Not Found	0.00000000000000000000
 668		 14308	Not Found	0.00000000000000000000
 669		 16678	Not Found	0.00000000000000000000
 670		  8676	  5444	0.00000000000000000000
 671		 12688	  4868	0.00000000000000000000
 672		 13959	  4990	0.00000000000000000000
 673		 10319	Not Found	0.00000000000000000000
 674		  2194	Not Found	0.00000000000000000000
 675		 10277	  6129	0.00000000000000000000
 676		 11254	Not Found	0.00000000000000000000
 677		  5203	Not Found	0.00000000000000000000
 678		 13709	Not Found	0.00000000000000000000
 679		  6559	Not Found	0.00000000000000000000
 680		  1181	Not Found	0.00000000000000000000
 681		 16433	Not Found	0.00000000000000000000
 682		  2567	Not Found	0.00000000000000000000
 683		  8210	  6348	0.00000000000000000000
 684		 11182	  7540	0.00000000000000000000
 685		 13317	Not Found	0.00000000000000000000
 686		 10941	Not Found	0.00000000000000000000
 687		  9114	  7712	0.00000000000000000000
 688		 10147	Not Found	0.00000000000000000000
 689		 14412	Not Found	0.00000000000000000000
 690		   936	  1441	0.00000000000000000000
 691		 14015	  5223	0.00000000000000000000
 692		 17382	Not Found	0.00000000000000000000
 693		 12328	  3846	0.00000000000000000000
 694		  5359	  6232	0.00000000000000000000
 695		 13272	  1445	0.00000000000000000000
 696		  6612	  4493	0.00000000000000000000
 697		 11749	Not Found	0.00000000000000000000
 698		 11743	Not Found	0.00000000000000000000
 699		  3758	Not Found	0.00000000000000000000
 700		 13503	Not Found	0.00000000000000000000
 701		  8877	  4404	0.00000000000000000000
 702		  6429	    63	0.00000000000000000000
 703		  8610	Not Found	0.00000000000000000000
 704		 14532	Not Found	0.00000000000000000000
 705		 13914	  5976	0.00000000000000000000
 706		  4443	Not Found	0.00000000000000000000
 707		 14098	Not Found	0.00000000000000000000
 708		   941	Not Found	0.00000000000000000000
 709		 12618	  7039	0.00000000000000000000
 710		  5529	  5098	0.00000000000000000000
 711		  7528	Not Found	0.00000000000000000000
 712		   183	  6593	0.00000000000000000000
 713		  3655	  6016	0.00000000000000000000
 714		  3902	Not Found	0.00000000000000000000
 715		  9555	  6934	0.00000000000000000000
 716		  9398	  5266	0.00000000000000000000
 717		  8215	Not Found	0.00000000000000000000
 718		 14247	Not Found	0.00000000000000000000
 719		  3274	Not Found	0.00000000000000000000
 720		  5927	Not Found	0.00000000000000000000
 721		 15089	Not Found	0.00000000000000000000
 722		  7984	Not Found	0.00000000000000000000
 723		 13454	  3033	0.00000000000000000000
 724		  4934	Not Found	0.00000000000000000000
 725		 14754	  3816	0.00000000000000000000
 726		  7089	  6526	0.00000000000000000000
 727		  6144	Not Found	0.00000000000000000000
 728		  9314	Not Found	0.00000000000000000000
 729		   271	  3170	0.00000000000000000000
 730		 14442	  1954	0.00000000000000000000
 731		 16147	  8525	0.00000000000000000000
 732		 13486	Not Found	0.00000000000000000000
 733		   396	Not Found	0.00000000000000000000
 734		 10882	Not Found	0.00000000000000000000
 735		  1394	Not Found	0.00000000000000000000
 736		  9641	Not Found	0.00000000000000000000
 737		 17628	  6969	0.00000000000000000000
 738		 10396	Not Found	0.00000000000000000000
 739		  1077	Not Found	0.00000000000000000000
 740		  1104	  3353	0.00000000000000000000
 741		  7209	Not Found	0.00000000000000000000
 742		  8139	  3266	0.00000000000000000000
 743		    96	  1493	0.00000000000000000000
 744		 11555	Not Found	0.00000000000000000000
 745		 16727	  3700	0.00000000000000000000
 746		  7416	  6119	0.00000000000000000000
 747		   573	Not Found	0.00000000000000000000
 748		 12133	Not Found	0.00000000000000000000
 749		  2020	  8591	0.00000000000000000000
 750		    49	  4237	0.00000000000000000000
 751		 13548	  2545	0.00000000000000000000
 752		  1655	  1816	0.00000000000000000000
 753		 10435	  3919	0.00000000000000000000
 754		  8260	Not Found	0.00000000000000000000
 755		 15191	Not Found	0.00000000000000000000
 756		   408	  1879	0.00000000000000000000
 757		  2969	Not Found	0.00000000000000000000
 758		  9869	  2349	0.00000000000000000000
 759		 14011	Not Found	0.00000000000000000000
 760		 14134	Not Found	0.00000000000000000000
 761		 11879	Not Found	0.00000000000000000000
 762		   780	  6163	0.00000000000000000000
 763		 10771	Not Found	0.00000000000000000000
 764		  8392	  5234	0.00000000000000000000
 765		 10553	Not Found	0.00000000000000000000
 766		 16570	Not Found	0.00000000000000000000
 767		 15623	Not Found	0.00000000000000000000
 768		 10799	  4728	0.00000000000000000000
 769		  8494	  3920	0.00000000000000000000
 770		  6686	Not Found	0.00000000000000000000
 771		  7974	Not Found	0.00000000000000000000
 772		 16265	Not Found	0.00000000000000000000
 773		  3002	Not Found	0.00000000000000000000
 774		  5659	Not Found	0.00000000000000000000
 775		 10560	   732	0.00000000000000000000
 776		  8904	Not Found	0.00000000000000000000
 777		  5480	Not Found	0.00000000000000000000
 778		  3340	Not Found	0.00000000000000000000
 779		 12295	Not Found	0.00000000000000000000
 780		    19	  2382	0.00000000000000000000
 781		  8420	  8433	0.00000000000000000000
 782		  6082	Not Found	0.00000000000000000000
 783		  2294	  1895	0.00000000000000000000
 784		   300	  1747	0.00000000000000000000
 785		 17736	Not Found	0.00000000000000000000
 786		 13485	  1890	0.00000000000000000000
 787		 13491	  7991	0.00000000000000000000
 788		  1506	   530	0.00000000000000000000
 789		  1749	  6909	0.00000000000000000000
 790		  9866	  3892	0.00000000000000000000
 791		  2561	Not Found	0.00000000000000000000
 792		 17287	Not Found	0.00000000000000000000
 793		 10276	Not Found	0.00000000000000000000
 794		  2460	Not Found	0.00000000000000000000
 795		 13785	Not Found	0.00000000000000000000
 796		  6421	  5393	0.00000000000000000000
 797		 17869	Not Found	0.00000000000000000000
 798		  1054	Not Found	0.00000000000000000000
 799		  7274	   359	0.00000000000000000000
 800		 12428	Not Found	0.00000000000000000000
 801		  6360	  2355	0.00000000000000000000
 802		  8888	Not Found	0.00000000000000000000
 803		 14254	Not Found	0.00000000000000000000
 804		 16079	Not Found	0.00000000000000000000
 805		 14291	  1560	0.00000000000000000000
 806		 12768	  8004	0.00000000000000000000
 807		 14607	Not Found	0.00000000000000000000
 808		 11056	Not Found	0.00000000000000000000
 809		  3331	Not Found	0.00000000000000000000
 810		  2546	  1265	0.00000000000000000000
 811		 11993	  2645	0.00000000000000000000
 812		  5593	  3039	0.00000000000000000000
 813		   302	Not Found	0.00000000000000000000
 814		   499	Not Found	0.00000000000000000000
 815		 17410	Not Found	0.00000000000000000000
 816		 17276	Not Found	0.00000000000000000000
 817		 13705	  1138	0.00000000000000000000
 818		 16787	Not Found	0.00000000000000000000
 819		 10856	  1171	0.00000000000000000000
 820		 10301	  3904	0.00000000000000000000
 821		  6605	  5319	0.00000000000000000000
 822		  7505	Not Found	0.00000000000000000000
 823		  5018	Not Found	0.00000000000000000000
 824		  6207	Not Found	0.00000000000000000000
 825		  2127	  5737	0.00000000000000000000
 826		  6291	Not Found	0.00000000000000000000
 827		 10650	  5374	0.00000000000000000000
 828		  5372	Not Found	0.00000000000000000000
 829		  1136	  8803	0.00000000000000000000
 830		 14918	Not Found	0.00000000000000000000
 831		  9553	Not Found	0.00000000000000000000
 832		   170	Not Found	0.00000000000000000000
 833		  8498	   261	0.00000000000000000000
 834		  2451	  6657	0.00000000000000000000
 835		 17764	  3041	0.00000000000000000000
 836		  2266	Not Found	0.00000000000000000000
 837		  6269	Not Found	0.00000000000000000000
 838		   867	  8843	0.00000000000000000000
 839		  2853	Not Found	0.00000000000000000000
 840		 10050	Not Found	0.00000000000000000000
 841		  3121	Not Found	0.00000000000000000000
 842		 12084	  5810	0.00000000000000000000
 843		  9788	    73	0.00000000000000000000
 844		  6685	   290	0.00000000000000000000
 845		 16364	Not Found	0.00000000000000000000
 846		 11548	  5615	0.00000000000000000000
 847		 11880	  1201	0.00000000000000000000
 848		  5217	  6145	0.00000000000000000000
 849		  7870	  5114	0.00000000000000000000
 850		  7469	Not Found	0.00000000000000000000
 851		 10176	  5725	0.00000000000000000000
 852		  6930	Not Found	0.00000000000000000000
 853		  8250	Not Found	0.00000000000000000000
 854		  7466	Not Found	0.00000000000000000000
 855		 13695	Not Found	0.00000000000000000000
 856		 10309	Not Found	0.00000000000000000000
 857		 12144	Not Found	0.00000000000000000000
 858		 10025	Not Found	0.00000000000000000000
 859		  3376	Not Found	0.00000000000000000000
 860		  7415	Not Found	0.00000000000000000000
 861		 14650	Not Found	0.00000000000000000000
 862		  1769	Not Found	0.00000000000000000000
 863		  8294	   739	0.00000000000000000000
 864		  1647	Not Found	0.00000000000000000000
 865		  5764	Not Found	0.00000000000000000000
 866		  8230	  4604	0.00000000000000000000
 867		  3360	Not Found	0.00000000000000000000
 868		 16914	Not Found	0.00000000000000000000
 869		  3471	Not Found	0.00000000000000000000
 870		  4683	  1745	0.00000000000000000000
 871		  7146	   148	0.00000000000000000000
 872		  3910	  8710	0.00000000000000000000
 873		 15735	Not Found	0.00000000000000000000
 874		 12104	  3911	0.00000000000000000000
 875		  7879	Not Found	0.00000000000000000000
 876		  6728	  2909	0.00000000000000000000
 877		  6964	  8042	0.00000000000000000000
 878		  6196	Not Found	0.00000000000000000000
 879		 15918	Not Found	0.00000000000000000000
 880		  1202	Not Found	0.00000000000000000000
 881		  8414	Not Found	0.00000000000000000000
 882		  1940	    86	0.00000000000000000000
 883		  7811	Not Found	0.00000000000000000000
 884		 15127	Not Found	0.00000000000000000000
 885		  9205	  1025	0.00000000000000000000
 886		 12220	Not Found	0.00000000000000000000
 887		 11367	   903	0.00000000000000000000
 888		  2689	  6496	0.00000000000000000000
 889		  9695	  1845	0.00000000000000000000
 890		  5749	  2704	0.00000000000000000000
 891		   818	   248	0.00000000000000000000
 892		  2477	Not Found	0.00000000000000000000
 893		 17907	Not Found	0.00000000000000000000
 894		 11008	  6161	0.00000000000000000000
 895		 15792	  8947	0.00000000000000000000
 896		  2933	Not Found	0.00000000000000000000
 897		 15365	  4381	0.00000000000000000000
 898		 10490	  3331	0.00000000000000000000
 899		 16746	  4678	0.00000000000000000000
 900		 11407	  5134	0.00000000000000000000
 901		  7635	Not Found	0.00000000000000000000
 902		  5969	  2265	0.00000000000000000000
 903		 11959	Not Found	0.00000000000000000000
 904		  3108	  4320	0.00000000000000000000
 905		 11488	  1342	0.00000000000000000000
 906		 14934	Not Found	0.00000000000000000000
 907		 16707	Not Found	0.00000000000000000000
 908		  1987	  5508	0.00000000000000000000
 909		  6271	  4784	0.00000000000000000000
 910		 11507	Not Found	0.00000000000000000000
 911		  5902	Not Found	0.00000000000000000000
 912		 12294	Not Found	0.00000000000000000000
 913		 13875	Not Found	0.00000000000000000000
 914		 12783	  1237	0.00000000000000000000
 915		   503	Not Found	0.00000000000000000000
 916		 12230	Not Found	0.00000000000000000000
 917		  7188	Not Found	0.00000000000000000000
 918		  4031	Not Found	0.00000000000000000000
 919		 13739	   510	0.00000000000000000000
 920		 13195	Not Found	0.00000000000000000000
 921		  8500	  5701	0.00000000000000000000
 922		 14496	Not Found	0.00000000000000000000
 923		  2073	Not Found	0.00000000000000000000
 924		 11158	  2818	0.00000000000000000000
 925		  6674	   789	0.00000000000000000000
 926		  9522	  5239	0.00000000000000000000
 927		  5272	  1869	0.00000000000000000000
 928		  5779	  2241	0.00000000000000000000
 929		 17167	Not Found	0.00000000000000000000
 930		 14135	Not Found	0.00000000000000000000
 931		   635	  6850	0.00000000000000000000
 932		  1961	  2688	0.00000000000000000000
 933		 12463	Not Found	0.00000000000000000000
 934		 15196	Not Found	0.00000000000000000000
 935		 13459	Not Found	0.00000000000000000000
 936		 15796	  5090	0.00000000000000000000
 937		 11507	Not Found	0.00000000000000000000
 938		 17543	Not Found	0.00000000000000000000
 939		 14326	Not Found	0.00000000000000000000
 940		 14325	Not Found	0.00000000000000000000
 941		 10885	Not Found	0.00000000000000000000
 942		 17730	Not Found	0.00000000000000000000
 943		  9135	Not Found	0.00000000000000000000
 944		  7239	  1543	0.00000000000000000000
 945		 13139	Not Found	0.00000000000000000000
 946		  1223	Not Found	0.00000000000000000000
 947		 11238	Not Found	0.00000000000000000000
 948		 10869	Not Found	0.00000000000000000000
 949		  3423	Not Found	0.00000000000000000000
 950		  8653	  6921	0.00000000000000000000
 951		 12210	   981	0.00000000000000000000
 952		  3819	Not Found	0.00000000000000000000
 953		  9398	  5266	0.00000000000000000000
 954		  5937	Not Found	0.00000000000000000000
 955		 13084	Not Found	0.00000000000000000000
 956		  2586	Not Found	0.00000000000000000000
 957		  4688	Not Found	0.00000000000000000000
 958		 12760	  6440	0.00000000000000000000
 959		   885	Not Found	0.00000000000000000000
 960		 11457	Not Found	0.00000000000000000000
 961		  2616	Not Found	0.00000000000000000000
 962		 11940	Not Found	0.00000000000000000000
 963		 15818	Not Found	0.00000000000000000000
 964		  2696	Not Found	0.00000000000000000000
 965		 11932	  2844	0.00000000000000000000
 966		 16165	  5421	0.00000000000000000000
 967		  4743	Not Found	0.00000000000000000000
 968		 16878	Not Found	0.00000000000000000000
 969		 14343	  2288	0.00000000000000000000
 970		  1538	Not Found	0.00000000000000000000
 971		  5034	  8075	0.00000000000000000000
 972		 10901	  5303	0.00000000000000000000
 973		 11213	  5062	0.00000000000000000000
 974		  3209	  1299	0.00000000000000000000
 975		 13850	  8038	0.00000000000000000000
 976		 14764	  8025	0.00000000000000000000
 977		 11751	Not Found	0.00000000000000000000
 978		 14659	  2743	0.00000000000000000000
 979		 15848	Not Found	0.00000000000000000000
 980		 10046	Not Found	0.00000000000000000000
 981		  2640	  7747	0.00000000000000000000
 982		 13627	Not Found	0.00000000000000000000
 983		 16340	   408	0.00000000000000000000
 984		  8073	Not Found	0.00000000000000000000
 985		   350	Not Found	0.00000000000000000000
 986		  3153	  6147	0.00000000000000000000
 987		  5571	Not Found	0.00000000000000000000
 988		  7490	  1876	0.00000000000000000000
 989		 14725	Not Found	0.00000000000000000000
 990		 10890	  2293	0.00000000000000000000
 991		  5711	Not Found	0.00000000000000000000
 992		  4150	  1613	0.00000000000000000000
 993		 15817	Not Found	0.00000000000000000000
 994		 10858	Not Found	0.00000000000000000000
 995		 10400	  2450	0.00000000000000000000
 996		   724	Not Found	0.00000000000000000000
 997		  6754	Not Found	0.00000000000000000000
 998		   164	Not Found	0.00000000000000000000
 999		  8602	  5047	0.00000000000000000000
1000		 11706	Not Found	0.00000000000000000000
