LINEAR SEARCH ANALYSIS
Array Size = 10000
-------------------------------------------
Iteration	Key	Index	Time (sec)
-------------------------------------------
   1		 12072	   527	0.00000000000000000000
   2		 13896	Not Found	0.00000000000000000000
   3		  5566	  7059	0.00000000000000000000
   4		 12969	Not Found	0.00000000000000000000
   5		  3031	Not Found	0.00000000000000000000
   6		  6673	Not Found	0.00000000000000000000
   7		  6402	Not Found	0.00000000000000000000
   8		  2430	  2203	0.00000000000000000000
   9		 12464	  2709	0.00000000000000000000
  10		   343	Not Found	0.00000000000000000000
  11		 14457	  8825	0.00000000000000000000
  12		  6143	  3789	0.00000000000000000000
  13		 14616	Not Found	0.00000000000000000000
  14		 10911	Not Found	0.00000000000000000000
  15		  3588	  9950	0.00000000000000000000
  16		  9469	Not Found	0.00000000000000000000
  17		  9003	  7149	0.00000000000000000000
  18		  2978	Not Found	0.00000000000000000000
  19		  8611	  7774	0.00000000000000000000
  20		 18462	Not Found	0.00000000000000000000
  21		  2307	Not Found	0.00000000000000000000
  22		 12003	   244	0.00000000000000000000
  23		 13475	Not Found	0.00000000000000000000
  24		  7157	  1681	0.00000000000000000000
  25		  7804	Not Found	0.00000000000000000000
  26		  2433	  9360	0.00000000000000000000
  27		  7960	  1252	0.00000000000000000000
  28		  3858	Not Found	0.00000000000000000000
  29		  7413	Not Found	0.00000000000000000000
  30		  2248	  9114	0.00000000000000000000
  31		 10055	  7526	0.00000000000000000000
  32		 19190	  3568	0.00000000000000000000
  33		 13561	Not Found	0.00000000000000000000
  34		 16397	Not Found	0.00000000000000000000
  35		  6599	  5064	0.00000000000000000000
  36		  6569	  9994	0.00000000000000000000
  37		 18879	Not Found	0.00000000000000000000
  38		  6425	Not Found	0.00000000000000000000
  39		 19496	Not Found	0.00000000000000000000
  40		  3823	  8157	0.00000000000000000000
  41		 13518	Not Found	0.00000000000000000000
  42		  8613	Not Found	0.00000000000000000000
  43		  5013	Not Found	0.00000000000000000000
  44		  3225	  5850	0.00000000000000000000
  45		  7045	  7814	0.00000000000000000000
  46		 19624	  9939	0.00000000000000000000
  47		 11767	  6516	0.00000000000000000000
  48		  3320	Not Found	0.00000000000000000000
  49		  1467	  3835	0.00000000000000000000
  50		 15981	  2610	0.00000000000000000000
  51		 11706	   608	0.00000000000000000000
  52		  3479	Not Found	0.00000000000000000000
  53		 18338	Not Found	0.00000000000000000000
  54		  9608	   768	0.00000000000000000000
  55		  6739	Not Found	0.00000000000000000000
  56		 10250	Not Found	0.00000000000000000000
  57		 17137	Not Found	0.00000000000000000000
  58		   202	  5545	0.00000000000000000000
  59		  3170	Not Found	0.00000000000000000000
  60		  1985	  1667	0.00000000000000000000
  61		 17218	Not Found	0.00000000000000000000
  62		  8371	Not Found	0.00000000000000000000
  63		  6772	Not Found	0.00000000000000000000
  64		 12353	Not Found	0.00000000000000000000
  65		 11160	Not Found	0.00000000000000000000
  66		 15848	Not Found	0.00000000000000000000
  67		  3085	Not Found	0.00000000000000000000
  68		  7221	  5146	0.00000000000000000000
  69		  3526	  3034	0.00000000000000000000
  70		  7781	Not Found	0.00000000000000000000
  71		 11012	  7575	0.00000000000000000000
  72		 16417	  6467	0.00000000000000000000
  73		  7116	Not Found	0.00000000000000000000
  74		  4660	Not Found	0.00000000000000000000
  75		  1551	Not Found	0.00000000000000000000
  76		  7192	  1794	0.00000000000000000000
  77		  8163	Not Found	0.00000000000000000000
  78		  8703	  3645	0.00000000000000000000
  79		  5089	  1056	0.00000000000000000000
  80		 17486	  9111	0.00000000000000000000
  81		  5756	  3510	0.00000000000000000000
  82		  4578	Not Found	0.00000000000000000000
  83		  9265	  2560	0.00000000000000000000
  84		  8144	Not Found	0.00000000000000000000
  85		  5859	Not Found	0.00000000000000000000
  86		 12069	   636	0.00000000000000000000
  87		 14684	Not Found	0.00000000000000000000
  88		 12626	  4188	0.00000000000000000000
  89		  9706	Not Found	0.00000000000000000000
  90		  5000	Not Found	0.00000000000000000000
  91		  1550	  8770	0.00000000000000000000
  92		  8457	Not Found	0.00000000000000000000
  93		 19043	Not Found	0.00000000000000000000
  94		 10656	Not Found	0.00000000000000000000
  95		  3421	  6732	0.00000000000000000000
  96		  9403	Not Found	0.00000000000000000000
  97		  4813	Not Found	0.00000000000000000000
  98		 11233	  9957	0.00000000000000000000
  99		 17335	   490	0.00000000000000000000
 100		 11092	  2411	0.00000000000000000000
 101		  7732	  6219	0.00000000000000000000
 102		  8348	Not Found	0.00000000000000000000
 103		 16317	Not Found	0.00000000000000000000
 104		  2299	Not Found	0.00000000000000000000
 105		 11346	  5489	0.00000000000000000000
 106		 11340	  4750	0.00000000000000000000
 107		 10927	Not Found	0.00000000000000000000
 108		   132	Not Found	0.00000000000000000000
 109		 10970	Not Found	0.00000000000000000000
 110		  7339	Not Found	0.00000000000000000000
 111		  5866	  8275	0.00000000000000000000
 112		   454	Not Found	0.00000000000000000000
 113		  6295	Not Found	0.00000000000000000000
 114		  9226	  2893	0.00000000000000000000
 115		  4720	  6728	0.00000000000000000000
 116		  8655	  4543	0.00000000000000000000
 117		 15536	Not Found	0.00000000000000000000
 118		  1121	Not Found	0.00000000000000000000
 119		  1991	Not Found	0.00000000000000000000
 120		 17367	  5359	0.00000000000000000000
 121		 11694	Not Found	0.00000000000000000000
 122		  4771	Not Found	0.00000000000000000000
 123		 18532	Not Found	0.00000000000000000000
 124		  1779	  6672	0.00000000000000000000
 125		  3873	Not Found	0.00000000000000000000
 126		 17110	Not Found	0.00000000000000000000
 127		 15241	Not Found	0.00000000000000000000
 128		 10667	Not Found	0.00000000000000000000
 129		  3424	Not Found	0.00000000000000000000
 130		   641	Not Found	0.00000000000000000000
 131		  1133	   159	0.00000000000000000000
 132		  1646	  9565	0.00000000000000000000
 133		  9296	Not Found	0.00000000000000000000
 134		 12295	Not Found	0.00000000000000000000
 135		 14939	  2629	0.00000000000000000000
 136		 11076	  3103	0.00000000000000000000
 137		  7720	  4862	0.00000000000000000000
 138		  8916	  1808	0.00000000000000000000
 139		 13310	Not Found	0.00000000000000000000
 140		 11429	Not Found	0.00000000000000000000
 141		 11666	Not Found	0.00000000000000000000
 142		  4053	Not Found	0.00000000000000000000
 143		  6107	  6261	0.00000000000000000000
 144		  2696	  3671	0.00000000000000000000
 145		  7091	  1732	0.00000000000000000000
 146		  3948	  2676	0.00000000000000000000
 147		  2047	  2759	0.00000000000000000000
 148		  1278	Not Found	0.00000000000000000000
 149		  1231	Not Found	0.00000000000000000000
 150		  5060	  6615	0.00000000000000000000
 151		  8571	Not Found	0.00000000000000000000
 152		  9536	Not Found	0.00000000000000000000
 153		 16103	  3217	0.00000000000000000000
 154		 12098	  8692	0.00000000000000000000
 155		 11789	Not Found	0.00000000000000000000
 156		  7749	   868	0.00000000000000000000
 157		 16964	Not Found	0.00000000000000000000
 158		 18461	  5446	0.00000000000000000000
 159		 12705	  7469	0.00000000000000000000
 160		  3993	Not Found	0.00000000000000000000
 161		 17177	  6336	0.00000000000000000000
 162		 10640	Not Found	0.00000000000000000000
 163		 10647	Not Found	0.00000000000000000000
 164		 15179	Not Found	0.00000000000000000000
 165		  3684	Not Found	0.00000000000000000000
 166		   973	  5690	0.00000000000000000000
 167		 16103	  3217	0.00000000000000000000
 168		 17734	Not Found	0.00000000000000000000
 169		 11797	Not Found	0.00000000000000000000
 170		  2292	Not Found	0.00000000000000000000
 171		  7714	Not Found	0.00000000000000000000
 172		  3299	Not Found	0.00000000000000000000
 173		  6258	Not Found	0.00000000000000000000
 174		 17316	Not Found	0.00000000000000000000
 175		  1979	Not Found	0.00000000000000000000
 176		 11132	Not Found	0.00000000000000000000
 177		  8346	Not Found	0.00000000000000000000
 178		  4017	Not Found	0.00000000000000000000
 179		  5767	Not Found	0.00000000000000000000
 180		  2339	Not Found	0.00000000000000000000
 181		  3848	  4672	0.00000000000000000000
 182		  2135	Not Found	0.00000000000000000000
 183		   192	Not Found	0.00000000000000000000
 184		 10644	  1254	0.00000000000000000000
 185		 12123	Not Found	0.00000000000000000000
 186		 18670	Not Found	0.00000000000000000000
 187		 10608	Not Found	0.00000000000000000000
 188		 17769	Not Found	0.00000000000000000000
 189		  6772	Not Found	0.00000000000000000000
 190		 19231	Not Found	0.00000000000000000000
 191		 10444	Not Found	0.00000000000000000000
 192		   909	  3923	0.00000000000000000000
 193		 19679	Not Found	0.00000000000000000000
 194		  1365	  8964	0.00000000000000000000
 195		 11518	Not Found	0.00000000000000000000
 196		  6355	  2900	0.00000000000000000000
 197		 11702	  1408	0.00000000000000000000
 198		 13367	Not Found	0.00000000000000000000
 199		  5960	  4361	0.00000000000000000000
 200		 17544	Not Found	0.00000000000000000000
 201		  2562	  3961	0.00000000000000000000
 202		  8245	Not Found	0.00000000000000000000
 203		 15398	Not Found	0.00000000000000000000
 204		  1862	  3065	0.00000000000000000000
 205		  6723	Not Found	0.00000000000000000000
 206		  4929	Not Found	0.00000000000000000000
 207		 13811	Not Found	0.00000000000000000000
 208		 14666	Not Found	0.00000000000000000000
 209		 11538	Not Found	0.00000000000000000000
 210		  5505	Not Found	0.00000000000000000000
 211		  6479	   829	0.00000000000000000000
 212		 12072	   527	0.00000000000000000000
 213		   261	   667	0.00000000000000000000
 214		 15458	Not Found	0.00000000000000000000
 215		 10623	  5156	0.00000000000000000000
 216		 11421	  8247	0.00000000000000000000
 217		  2995	Not Found	0.00000000000000000000
 218		 11887	  3121	0.00000000000000000000
 219		  6517	  9413	0.00000000000000000000
 220		  8838	  6283	0.00000000000000000000
 221		  3257	  9624	0.00000000000000000000
 222		  4961	Not Found	0.00000000000000000000
 223		    18	  2249	0.00000000000000000000
 224		  2159	Not Found	0.00000000000000000000
 225		  4123	Not Found	0.00000000000000000000
 226		  8665	  7313	0.00000000000000000000
 227		  8233	Not Found	0.00000000000000000000
 228		 17134	  2273	0.00000000000000000000
 229		  6287	  1193	0.00000000000000000000
 230		  5645	  5189	0.00000000000000000000
 231		 14822	Not Found	0.00000000000000000000
 232		  9458	  1902	0.00000000000000000000
 233		 11351	   541	0.00000000000000000000
 234		  6495	Not Found	0.00000000000000000000
 235		  9231	Not Found	0.00000000000000000000
 236		  2230	Not Found	0.00000000000000000000
 237		  8237	   169	0.00000000000000000000
 238		   180	Not Found	0.00000000000000000000
 239		  4394	  7377	0.00000000000000000000
 240		  5882	  4694	0.00000000000000000000
 241		 14340	Not Found	0.00000000000000000000
 242		 12963	Not Found	0.00000000000000000000
 243		  2559	Not Found	0.00000000000000000000
 244		 19700	Not Found	0.00000000000000000000
 245		  3308	Not Found	0.00000000000000000000
 246		 18092	Not Found	0.00000000000000000000
 247		 12255	Not Found	0.00000000000000000000
 248		  6274	  4606	0.00000000000000000000
 249		  2615	  1305	0.00000000000000000000
 250		 11020	Not Found	0.00000000000000000000
 251		 15429	Not Found	0.00000000000000000000
 252		 10787	Not Found	0.00000000000000000000
 253		 17882	   404	0.00000000000000000000
 254		  9454	Not Found	0.00000000000000000000
 255		  2683	Not Found	0.00000000000000000000
 256		 17703	Not Found	0.00000000000000000000
 257		 14358	  6985	0.00000000000000000000
 258		  1955	Not Found	0.00000000000000000000
 259		 11361	Not Found	0.00000000000000000000
 260		  7845	  9867	0.00000000000000000000
 261		  5719	Not Found	0.00000000000000000000
 262		 13302	Not Found	0.00000000000000000000
 263		 15466	Not Found	0.00000000000000000000
 264		  8876	Not Found	0.00000000000000000000
 265		  1852	Not Found	0.00000000000000000000
 266		  8633	Not Found	0.00000000000000000000
 267		  4327	Not Found	0.00000000000000000000
 268		 16187	Not Found	0.00000000000000000000
 269		  5784	Not Found	0.00000000000000000000
 270		 10148	Not Found	0.00000000000000000000
 271		 13448	  2566	0.00000000000000000000
 272		 12116	Not Found	0.00000000000000000000
 273		  1240	Not Found	0.00000000000000000000
 274		 10048	Not Found	0.00000000000000000000
 275		 18463	Not Found	0.00000000000000000000
 276		 11118	Not Found	0.00000000000000000000
 277		  5639	Not Found	0.00000000000000000000
 278		  9662	Not Found	0.00000000000000000000
 279		 12712	Not Found	0.00000000000000000000
 280		  4363	  6781	0.00000000000000000000
 281		  2766	Not Found	0.00000000000000000000
 282		 12749	Not Found	0.00000000000000000000
 283		 15495	Not Found	0.00000000000000000000
 284		  6282	Not Found	0.00000000000000000000
 285		 10848	Not Found	0.00000000000000000000
 286		 13068	Not Found	0.00000000000000000000
 287		  3856	Not Found	0.00000000000000000000
 288		  1182	   904	0.00000000000000000000
 289		  1045	   301	0.00000000000000000000
 290		 11900	  2798	0.00000000000000000000
 291		  6476	Not Found	0.00000000000000000000
 292		 11646	Not Found	0.00000000000000000000
 293		 11477	  5324	0.00000000000000000000
 294		  7322	  6637	0.00000000000000000000
 295		  4826	Not Found	0.00000000000000000000
 296		   414	Not Found	0.00000000000000000000
 297		  2872	Not Found	0.00000000000000000000
 298		  3660	Not Found	0.00000000000000000000
 299		   181	Not Found	0.00000000000000000000
 300		 10045	Not Found	0.00000000000000000000
 301		 10316	Not Found	0.00000000000000000000
 302		  2938	  8559	0.00000000000000000000
 303		  4853	Not Found	0.00600000000000000010
 304		 18848	Not Found	0.00000000000000000000
 305		  7382	  9815	0.00000000000000000000
 306		  5055	  1032	0.00000000000000000000
 307		  6424	Not Found	0.00000000000000000000
 308		  6752	   246	0.00000000000000000000
 309		 17564	Not Found	0.00000000000000000000
 310		  5279	   875	0.00000000000000000000
 311		 11010	Not Found	0.00000000000000000000
 312		 11296	Not Found	0.00000000000000000000
 313		  9282	Not Found	0.00000000000000000000
 314		 12859	Not Found	0.00000000000000000000
 315		 10947	Not Found	0.00000000000000000000
 316		 18050	Not Found	0.00000000000000000000
 317		  3859	Not Found	0.00000000000000000000
 318		 11651	  3195	0.00000000000000000000
 319		 18648	Not Found	0.00000000000000000000
 320		 13754	Not Found	0.00000000000000000000
 321		 18275	Not Found	0.00000000000000000000
 322		  2732	Not Found	0.00000000000000000000
 323		  5236	  1726	0.00000000000000000000
 324		  1762	  2247	0.00000000000000000000
 325		  8243	Not Found	0.00000000000000000000
 326		  5250	Not Found	0.00000000000000000000
 327		  4001	  4713	0.00000000000000000000
 328		  3440	  7659	0.00000000000000000000
 329		  8341	Not Found	0.00000000000000000000
 330		 12447	  8952	0.00000000000000000000
 331		  5761	Not Found	0.00000000000000000000
 332		  2949	  2654	0.00000000000000000000
 333		 15984	Not Found	0.00000000000000000000
 334		  7677	Not Found	0.00000000000000000000
 335		 19418	Not Found	0.00000000000000000000
 336		 11847	  3717	0.00000000000000000000
 337		  7494	Not Found	0.00000000000000000000
 338		 16457	Not Found	0.00000000000000000000
 339		 11985	  2134	0.00000000000000000000
 340		  5393	Not Found	0.00000000000000000000
 341		  9204	  5648	0.00000000000000000000
 342		 12152	Not Found	0.00000000000000000000
 343		 15862	Not Found	0.00000000000000000000
 344		  9129	   851	0.00000000000000000000
 345		  4185	Not Found	0.00000000000000000000
 346		  2846	Not Found	0.00000000000000000000
 347		 19329	   850	0.00000000000000000000
 348		  7187	  8764	0.00000000000000000000
 349		  1819	  9606	0.00000000000000000000
 350		 14844	Not Found	0.00000000000000000000
 351		  6331	  9719	0.00000000000000000000
 352		  7492	Not Found	0.00000000000000000000
 353		  6951	Not Found	0.00000000000000000000
 354		  1626	Not Found	0.00000000000000000000
 355		 12609	Not Found	0.00000000000000000000
 356		  9786	Not Found	0.00000000000000000000
 357		 13271	Not Found	0.00000000000000000000
 358		  7350	Not Found	0.00000000000000000000
 359		  9316	  6101	0.00000000000000000000
 360		  8234	Not Found	0.00000000000000000000
 361		 10073	  8233	0.00000000000000000000
 362		 18811	Not Found	0.00000000000000000000
 363		  1652	Not Found	0.00000000000000000000
 364		 17945	Not Found	0.00000000000000000000
 365		 16749	  1847	0.00000000000000000000
 366		  1750	  7389	0.00000000000000000000
 367		  7646	   996	0.00000000000000000000
 368		 15023	Not Found	0.00000000000000000000
 369		 14191	Not Found	0.00000000000000000000
 370		  7365	Not Found	0.00000000000000000000
 371		  6771	  3363	0.00000000000000000000
 372		  5897	Not Found	0.00000000000000000000
 373		  1110	   952	0.00000000000000000000
 374		  1905	Not Found	0.00000000000000000000
 375		   139	  3158	0.00000000000000000000
 376		  9134	  5667	0.00000000000000000000
 377		  3548	  4318	0.00000000000000000000
 378		  6077	Not Found	0.00000000000000000000
 379		  5962	Not Found	0.00000000000000000000
 380		  7621	Not Found	0.00000000000000000000
 381		  9440	Not Found	0.00000000000000000000
 382		   543	Not Found	0.00000000000000000000
 383		  3106	   733	0.00000000000000000000
 384		  3685	  5820	0.00000000000000000000
 385		  5864	Not Found	0.00000000000000000000
 386		   399	Not Found	0.00000000000000000000
 387		  8569	  6427	0.00000000000000000000
 388		  7372	Not Found	0.00000000000000000000
 389		 14250	  2961	0.00000000000000000000
 390		  5981	Not Found	0.00000000000000000000
 391		  8493	Not Found	0.00000000000000000000
 392		  7060	Not Found	0.00000000000000000000
 393		 12237	  6946	0.00000000000000000000
 394		  5672	  2764	0.00000000000000000000
 395		  8981	Not Found	0.00000000000000000000
 396		 19843	Not Found	0.00000000000000000000
 397		  9771	   873	0.00000000000000000000
 398		  9100	  9304	0.00000000000000000000
 399		  9737	Not Found	0.00000000000000000000
 400		 19810	Not Found	0.00000000000000000000
 401		 12442	Not Found	0.00000000000000000000
 402		 18300	Not Found	0.00000000000000000000
 403		  2949	  2654	0.00000000000000000000
 404		  5488	Not Found	0.00000000000000000000
 405		  6412	  2202	0.00000000000000000000
 406		  3793	Not Found	0.00000000000000000000
 407		 11946	  5499	0.00000000000000000000
 408		  4567	  4041	0.00000000000000000000
 409		 19635	Not Found	0.00000000000000000000
 410		 10561	  3718	0.00000000000000000000
 411		 15013	Not Found	0.00000000000000000000
 412		  6112	  9927	0.00000000000000000000
 413		  1865	  6643	0.00000000000000000000
 414		 13203	Not Found	0.00000000000000000000
 415		   404	  4755	0.00000000000000000000
 416		  5603	Not Found	0.00000000000000000000
 417		 18927	Not Found	0.00000000000000000000
 418		  2738	  1386	0.00000000000000000000
 419		 11942	  7819	0.00000000000000000000
 420		  6242	  9902	0.00000000000000000000
 421		   372	   560	0.00000000000000000000
 422		  3456	Not Found	0.00000000000000000000
 423		 13411	  3130	0.00000000000000000000
 424		 15862	Not Found	0.00000000000000000000
 425		 18585	Not Found	0.00000000000000000000
 426		 18893	Not Found	0.00000000000000000000
 427		  3884	   287	0.00000000000000000000
 428		 11817	Not Found	0.00000000000000000000
 429		  6482	  6170	0.00000000000000000000
 430		  3624	Not Found	0.00000000000000000000
 431		  4516	Not Found	0.00000000000000000000
 432		  8550	   765	0.00000000000000000000
 433		  5103	  2863	0.00000000000000000000
 434		  1653	  1244	0.00000000000000000000
 435		   463	  5227	0.00000000000000000000
 436		  1454	Not Found	0.00000000000000000000
 437		  3132	Not Found	0.00000000000000000000
 438		  9792	Not Found	0.00000000000000000000
 439		 12473	Not Found	0.00000000000000000000
 440		  5133	  4395	0.00000000000000000000
 441		 18758	  6407	0.00000000000000000000
 442		  1713	Not Found	0.00000000000000000000
 443		  5659	Not Found	0.00000000000000000000
 444		  9484	Not Found	0.00000000000000000000
 445		  1279	  3270	0.00000000000000000000
 446		     1	Not Found	0.00000000000000000000
 447		 15514	Not Found	0.00000000000000000000
 448		   200	  2383	0.00000000000000000000
 449		 15172	Not Found	0.00000000000000000000
 450		  2507	  5931	0.00000000000000000000
 451		 14864	  3085	0.00000000000000000000
 452		  2018	Not Found	0.00000000000000000000
 453		 15101	Not Found	0.00000000000000000000
 454		  8646	Not Found	0.00000000000000000000
 455		 11182	  2655	0.00000000000000000000
 456		  5336	  2313	0.00000000000000000000
 457		 16292	Not Found	0.00000000000000000000
 458		  3443	Not Found	0.00000000000000000000
 459		  1346	  5554	0.00000000000000000000
 460		  2645	  7262	0.00000000000000000000
 461		  1514	  3149	0.00000000000000000000
 462		  4082	  8356	0.00000000000000000000
 463		  6038	  1710	0.00000000000000000000
 464		 18341	Not Found	0.00000000000000000000
 465		 14614	Not Found	0.00000000000000000000
 466		  7225	Not Found	0.00000000000000000000
 467		  5337	  7125	0.00000000000000000000
 468		 11147	  4008	0.00000000000000000000
 469		  9103	  8799	0.00000000000000000000
 470		  7367	Not Found	0.00000000000000000000
 471		  3683	  3977	0.00000000000000000000
 472		  4214	Not Found	0.00000000000000000000
 473		 17884	Not Found	0.00000000000000000000
 474		  9590	  1914	0.00000000000000000000
 475		 15923	Not Found	0.00000000000000000000
 476		 10161	  1906	0.00000000000000000000
 477		   298	  6909	0.00000000000000000000
 478		  7440	Not Found	0.00000000000000000000
 479		   954	Not Found	0.00000000000000000000
 480		  1946	Not Found	0.00000000000000000000
 481		  8751	Not Found	0.00000000000000000000
 482		 18212	Not Found	0.00000000000000000000
 483		 17245	Not Found	0.00000000000000000000
 484		 12086	   263	0.00000000000000000000
 485		  5100	Not Found	0.00000000000000000000
 486		  4216	Not Found	0.00000000000000000000
 487		   311	Not Found	0.00000000000000000000
 488		  2627	Not Found	0.00000000000000000000
 489		 12120	  2325	0.00000000000000000000
 490		  1697	Not Found	0.00100000000000000000
 491		  2430	  2203	0.00000000000000000000
 492		  8397	Not Found	0.00000000000000000000
 493		  3770	Not Found	0.00000000000000000000
 494		 11953	  7899	0.00000000000000000000
 495		 12519	  1030	0.00000000000000000000
 496		  9957	Not Found	0.00000000000000000000
 497		 14071	  6708	0.00000000000000000000
 498		 14992	Not Found	0.00000000000000000000
 499		  9676	Not Found	0.00000000000000000000
 500		  3055	  7194	0.00000000000000000000
 501		  5357	Not Found	0.00000000000000000000
 502		  8846	  1404	0.00000000000000000000
 503		 11693	Not Found	0.00000000000000000000
 504		  9947	  6664	0.00000000000000000000
 505		  6335	Not Found	0.00000000000000000000
 506		  8888	  1522	0.00000000000000000000
 507		 11605	Not Found	0.00000000000000000000
 508		 18935	Not Found	0.00000000000000000000
 509		  4114	Not Found	0.00000000000000000000
 510		 17513	Not Found	0.00000000000000000000
 511		   638	Not Found	0.00000000000000000000
 512		 10691	  2023	0.00000000000000000000
 513		 13399	Not Found	0.00000000000000000000
 514		  5763	   749	0.00000000000000000000
 515		 12311	  5299	0.00000000000000000000
 516		  4965	Not Found	0.00000000000000000000
 517		 18539	Not Found	0.00000000000000000000
 518		 15550	Not Found	0.00000000000000000000
 519		  1765	Not Found	0.00000000000000000000
 520		  4093	  8541	0.00000000000000000000
 521		 10715	  6541	0.00000000000000000000
 522		 18976	Not Found	0.00000000000000000000
 523		 10440	  8944	0.00000000000000000000
 524		 16283	Not Found	0.00000000000000000000
 525		  3659	Not Found	0.00000000000000000000
 526		  9741	  3288	0.00000000000000000000
 527		  6336	Not Found	0.00000000000000000000
 528		   624	  2501	0.00000000000000000000
 529		  8921	  1671	0.00000000000000000000
 530		  4033	  7021	0.00000000000000000000
 531		  7823	  2053	0.00000000000000000000
 532		   195	  2275	0.00000000000000000000
 533		 12734	Not Found	0.00000000000000000000
 534		  3740	  7981	0.00000000000000000000
 535		  1249	Not Found	0.00000000000000000000
 536		 14149	  1000	0.00000000000000000000
 537		 11317	  6528	0.00000000000000000000
 538		 17246	Not Found	0.00000000000000000000
 539		 19049	  1678	0.00000000000000000000
 540		  1127	  7423	0.00000000000000000000
 541		  2815	  2019	0.00000000000000000000
 542		 13235	Not Found	0.00000000000000000000
 543		 13709	Not Found	0.00000000000000000000
 544		  6570	  4055	0.00000000000000000000
 545		  6278	  5549	0.00000000000000000000
 546		 12944	Not Found	0.00000000000000000000
 547		  6597	  9975	0.00000000000000000000
 548		  2006	Not Found	0.00000000000000000000
 549		  5088	Not Found	0.00000000000000000000
 550		  7359	Not Found	0.00000000000000000000
 551		 15136	  6298	0.00000000000000000000
 552		  9776	Not Found	0.00000000000000000000
 553		  3542	Not Found	0.00000000000000000000
 554		  6935	Not Found	0.00000000000000000000
 555		 14761	Not Found	0.00000000000000000000
 556		   806	  4949	0.00000000000000000000
 557		  7558	  5443	0.00000000000000000000
 558		 13744	Not Found	0.00000000000000000000
 559		  5096	Not Found	0.00000000000000000000
 560		  7853	Not Found	0.00000000000000000000
 561		  4197	Not Found	0.00000000000000000000
 562		 16373	Not Found	0.00000000000000000000
 563		 12971	Not Found	0.00000000000000000000
 564		  9485	  3401	0.00000000000000000000
 565		 16969	  6596	0.00000000000000000000
 566		   890	  9101	0.00000000000000000000
 567		  5094	Not Found	0.00000000000000000000
 568		  3386	  2991	0.00000000000000000000
 569		 12391	Not Found	0.00000000000000000000
 570		 11408	Not Found	0.00000000000000000000
 571		  3448	Not Found	0.00000000000000000000
 572		  5959	Not Found	0.00000000000000000000
 573		 11832	Not Found	0.00000000000000000000
 574		 11415	Not Found	0.00000000000000000000
 575		 17936	Not Found	0.00000000000000000000
 576		  7862	  9009	0.00000000000000000000
 577		 11362	Not Found	0.00000000000000000000
 578		 10484	Not Found	0.00000000000000000000
 579		 19952	Not Found	0.00000000000000000000
 580		 11859	Not Found	0.00000000000000000000
 581		 15924	  3731	0.00000000000000000000
 582		  7075	   769	0.00000000000000000000
 583		 15249	  4137	0.00000000000000000000
 584		  1698	  6954	0.00000000000000000000
 585		 11025	Not Found	0.00000000000000000000
 586		  7407	Not Found	0.00000000000000000000
 587		 10855	Not Found	0.00000000000000000000
 588		  2070	Not Found	0.00000000000000000000
 589		  3344	Not Found	0.00000000000000000000
 590		  8511	  1573	0.00000000000000000000
 591		 17799	Not Found	0.00000000000000000000
 592		  1764	Not Found	0.00000000000000000000
 593		  1123	Not Found	0.00000000000000000000
 594		 13139	  4650	0.00000000000000000000
 595		 11622	  8085	0.00000000000000000000
 596		 12374	  3703	0.00000000000000000000
 597		 16376	Not Found	0.00000000000000000000
 598		 17392	Not Found	0.00000000000000000000
 599		  7364	Not Found	0.00000000000000000000
 600		 15140	Not Found	0.00000000000000000000
 601		  8701	   722	0.00000000000000000000
 602		 12759	  7360	0.00000000000000000000
 603		  5001	Not Found	0.00000000000000000000
 604		  4416	  2062	0.00000000000000000000
 605		 11495	Not Found	0.00000000000000000000
 606		  9885	  8077	0.00000000000000000000
 607		   782	  1905	0.00000000000000000000
 608		   369	  1489	0.00000000000000000000
 609		 10516	Not Found	0.00000000000000000000
 610		 15447	Not Found	0.00000000000000000000
 611		 19999	Not Found	0.00000000000000000000
 612		 14307	Not Found	0.00000000000000000000
 613		  5423	Not Found	0.00000000000000000000
 614		  1460	Not Found	0.00000000000000000000
 615		  1087	  7667	0.00000000000000000000
 616		 11101	Not Found	0.00000000000000000000
 617		  2100	Not Found	0.00000000000000000000
 618		  6863	  4227	0.00000000000000000000
 619		  1965	  3540	0.00000000000000000000
 620		 13011	Not Found	0.00000000000000000000
 621		 14868	  4910	0.00000000000000000000
 622		 12389	Not Found	0.00000000000000000000
 623		 10374	Not Found	0.00000000000000000000
 624		 12764	   932	0.00000000000000000000
 625		  2203	Not Found	0.00000000000000000000
 626		  5636	Not Found	0.00000000000000000000
 627		 10826	Not Found	0.00000000000000000000
 628		  8679	Not Found	0.00000000000000000000
 629		 12465	  9421	0.00000000000000000000
 630		 11365	  8555	0.00000000000000000000
 631		  9123	  7583	0.00000000000000000000
 632		  1642	  4720	0.00000000000000000000
 633		 15582	Not Found	0.00000000000000000000
 634		  5627	Not Found	0.00000000000000000000
 635		  2756	   658	0.00000000000000000000
 636		 18619	Not Found	0.00000000000000000000
 637		  9170	  1375	0.00000000000000000000
 638		  1964	  1965	0.00000000000000000000
 639		 12175	  1469	0.00000000000000000000
 640		  6338	Not Found	0.00000000000000000000
 641		 10723	Not Found	0.00000000000000000000
 642		   608	Not Found	0.00000000000000000000
 643		   442	Not Found	0.00000000000000000000
 644		  9198	  5828	0.00000000000000000000
 645		 15000	Not Found	0.00000000000000000000
 646		  5527	Not Found	0.00000000000000000000
 647		  8562	  2338	0.00000000000000000000
 648		 18439	Not Found	0.00000000000000000000
 649		  1894	  5901	0.00000000000000000000
 650		  1952	Not Found	0.00000000000000000000
 651		 17408	Not Found	0.00000000000000000000
 652		 12165	Not Found	0.00000000000000000000
 653		   249	Not Found	0.00000000000000000000
 654		 11976	  1626	0.00000000000000000000
 655		  5675	Not Found	0.00000000000000000000
 656		  2175	Not Found	0.00000000000000000000
 657		  6133	Not Found	0.00000000000000000000
 658		  2575	  4770	0.00000000000000000000
 659		  5407	Not Found	0.00000000000000000000
 660		  5510	  4380	0.00000000000000000000
 661		  8253	  1202	0.00000000000000000000
 662		  1953	  1260	0.00000000000000000000
 663		 13900	  7174	0.00000000000000000000
 664		 18803	Not Found	0.00000000000000000000
 665		  2420	Not Found	0.00000000000000000000
 666		  6211	Not Found	0.00000000000000000000
 667		  3538	Not Found	0.00000000000000000000
 668		  3518	  4184	0.00000000000000000000
 669		  6498	  8135	0.00000000000000000000
 670		  7533	Not Found	0.00000000000000000000
 671		   668	Not Found	0.00000000000000000000
 672		 18929	Not Found	0.00000000000000000000
 673		 11321	  3748	0.00000000000000000000
 674		 17847	Not Found	0.00000000000000000000
 675		 15530	  7555	0.00000000000000000000
 676		 16444	Not Found	0.00000000000000000000
 677		  9273	Not Found	0.00000000000000000000
 678		  9783	  1825	0.00000000000000000000
 679		 10515	  9843	0.00000000000000000000
 680		  7850	Not Found	0.00000000000000000000
 681		 15120	  9368	0.00000000000000000000
 682		  1194	  9404	0.00000000000000000000
 683		  1514	  3149	0.00000000000000000000
 684		 10900	Not Found	0.00000000000000000000
 685		 19110	Not Found	0.00000000000000000000
 686		  7664	Not Found	0.00000000000000000000
 687		 16257	  1285	0.00000000000000000000
 688		  6068	  8831	0.00000000000000000000
 689		 11193	Not Found	0.00000000000000000000
 690		 11773	  5491	0.00000000000000000000
 691		  9035	  1981	0.00000000000000000000
 692		 13885	  7192	0.00000000000000000000
 693		  8260	Not Found	0.00000000000000000000
 694		  2093	  2753	0.00000000000000000000
 695		 16615	  2100	0.00000000000000000000
 696		  4521	Not Found	0.00000000000000000000
 697		  2021	Not Found	0.00000000000000000000
 698		  8120	  8492	0.00000000000000000000
 699		  7482	  2729	0.00000000000000000000
 700		 14131	  5508	0.00000000000000000000
 701		  2783	  8965	0.00000000000000000000
 702		  7495	  7881	0.00000000000000000000
 703		 10043	  5734	0.00000000000000000000
 704		 18822	Not Found	0.00000000000000000000
 705		  2301	Not Found	0.00000000000000000000
 706		  9222	Not Found	0.00000000000000000000
 707		 12821	Not Found	0.00000000000000000000
 708		  7093	  3945	0.00000000000000000000
 709		  7128	Not Found	0.00000000000000000000
 710		 11290	Not Found	0.00000000000000000000
 711		 16713	  2175	0.00000000000000000000
 712		 18221	Not Found	0.00000000000000000000
 713		  4378	  3304	0.00000000000000000000
 714		 10516	Not Found	0.00000000000000000000
 715		 10226	Not Found	0.00000000000000000000
 716		  7880	Not Found	0.00000000000000000000
 717		  1508	  5646	0.00000000000000000000
 718		 15334	    18	0.00000000000000000000
 719		 11597	Not Found	0.00000000000000000000
 720		  4195	Not Found	0.00000000000000000000
 721		 15246	Not Found	0.00000000000000000000
 722		  3990	Not Found	0.00000000000000000000
 723		  3160	Not Found	0.00000000000000000000
 724		 19346	  7516	0.00000000000000000000
 725		   205	Not Found	0.00000000000000000000
 726		  7441	Not Found	0.00000000000000000000
 727		  1882	  2839	0.00000000000000000000
 728		   371	Not Found	0.00000000000000000000
 729		  1242	Not Found	0.00000000000000000000
 730		  4066	  7084	0.00100000000000000000
 731		  8036	  1724	0.00000000000000000000
 732		  3840	  4068	0.00000000000000000000
 733		  9904	  6893	0.00000000000000000000
 734		 11011	  8913	0.00000000000000000000
 735		 15479	Not Found	0.00000000000000000000
 736		 10377	  9690	0.00000000000000000000
 737		   470	Not Found	0.00000000000000000000
 738		  8658	Not Found	0.00000000000000000000
 739		   421	Not Found	0.00000000000000000000
 740		  6721	Not Found	0.00000000000000000000
 741		 16190	Not Found	0.00000000000000000000
 742		 15368	Not Found	0.00000000000000000000
 743		  6620	Not Found	0.00000000000000000000
 744		 12120	  2325	0.00000000000000000000
 745		 11852	  2674	0.00000000000000000000
 746		   487	  9467	0.00000000000000000000
 747		 14497	  1429	0.00000000000000000000
 748		  5673	  4165	0.00000000000000000000
 749		 10075	Not Found	0.00000000000000000000
 750		 10194	Not Found	0.00000000000000000000
 751		 18105	Not Found	0.00000000000000000000
 752		  5524	   355	0.00000000000000000000
 753		 12349	  5137	0.00000000000000000000
 754		 14625	Not Found	0.00000000000000000000
 755		  2542	Not Found	0.00000000000000000000
 756		 13039	  4711	0.00000000000000000000
 757		 18850	  2242	0.00000000000000000000
 758		  5748	  1610	0.00000000000000000000
 759		 11247	  7991	0.00000000000000000000
 760		 15449	Not Found	0.00000000000000000000
 761		  3131	Not Found	0.00000000000000000000
 762		 15240	Not Found	0.00000000000000000000
 763		  6425	Not Found	0.00000000000000000000
 764		 13327	Not Found	0.00000000000000000000
 765		 10175	Not Found	0.00000000000000000000
 766		  8264	Not Found	0.00000000000000000000
 767		  1845	Not Found	0.00000000000000000000
 768		 19938	Not Found	0.00000000000000000000
 769		   525	Not Found	0.00000000000000000000
 770		  7494	Not Found	0.00000000000000000000
 771		 12514	Not Found	0.00000000000000000000
 772		  4809	Not Found	0.00000000000000000000
 773		    51	  6019	0.00000000000000000000
 774		  1130	Not Found	0.00000000000000000000
 775		 16629	Not Found	0.00000000000000000000
 776		  8563	  2415	0.00000000000000000000
 777		 10382	Not Found	0.00000000000000000000
 778		  6314	   735	0.00000000000000000000
 779		 11357	  7008	0.00000000000000000000
 780		 14143	Not Found	0.00000000000000000000
 781		 12339	  4920	0.00000000000000000000
 782		 10171	Not Found	0.00000000000000000000
 783		  6348	Not Found	0.00000000000000000000
 784		  1008	Not Found	0.00000000000000000000
 785		 10606	Not Found	0.00000000000000000000
 786		 10950	Not Found	0.00000000000000000000
 787		  8019	Not Found	0.00000000000000000000
 788		 11707	  8968	0.00000000000000000000
 789		 14921	  4255	0.00000000000000000000
 790		 14719	Not Found	0.00000000000000000000
 791		 10413	  6769	0.00000000000000000000
 792		 16995	Not Found	0.00000000000000000000
 793		 10319	  4970	0.00000000000000000000
 794		  9170	  1375	0.00000000000000000000
 795		  9952	Not Found	0.00000000000000000000
 796		  1639	Not Found	0.00000000000000000000
 797		   178	Not Found	0.00000000000000000000
 798		  3231	Not Found	0.00000000000000000000
 799		 10943	Not Found	0.00000000000000000000
 800		 17530	Not Found	0.00000000000000000000
 801		  7818	  9782	0.00000000000000000000
 802		  7240	  2929	0.00000000000000000000
 803		 11059	Not Found	0.00000000000000000000
 804		 12595	Not Found	0.00000000000000000000
 805		  9342	  8535	0.00000000000000000000
 806		  8711	Not Found	0.00000000000000000000
 807		  7290	  8625	0.00000000000000000000
 808		 14086	Not Found	0.00000000000000000000
 809		  5160	Not Found	0.00000000000000000000
 810		  6150	Not Found	0.00000000000000000000
 811		  5616	Not Found	0.00000000000000000000
 812		 15987	Not Found	0.00000000000000000000
 813		  8404	Not Found	0.00000000000000000000
 814		  6985	Not Found	0.00000000000000000000
 815		  9358	Not Found	0.00000000000000000000
 816		 18045	Not Found	0.00000000000000000000
 817		  8777	   285	0.00000000000000000000
 818		 10415	  8785	0.00000000000000000000
 819		  8209	Not Found	0.00000000000000000000
 820		  4926	  4155	0.00000000000000000000
 821		   651	Not Found	0.00000000000000000000
 822		 11385	Not Found	0.00000000000000000000
 823		   317	Not Found	0.00000000000000000000
 824		  7001	  7261	0.00000000000000000000
 825		  5024	   421	0.00000000000000000000
 826		 10793	Not Found	0.00000000000000000000
 827		 12001	  3382	0.00000000000000000000
 828		   656	Not Found	0.00000000000000000000
 829		 12466	Not Found	0.00000000000000000000
 830		 15375	Not Found	0.00000000000000000000
 831		  8732	  9210	0.00000000000000000000
 832		 15159	Not Found	0.00000000000000000000
 833		  8980	  9064	0.00000000000000000000
 834		  1280	Not Found	0.00000000000000000000
 835		 18560	Not Found	0.00000000000000000000
 836		  5224	   256	0.00000000000000000000
 837		 17897	Not Found	0.00000000000000000000
 838		  6505	  3528	0.00000000000000000000
 839		 16086	Not Found	0.00000000000000000000
 840		  6137	  7574	0.00000000000000000000
 841		   961	Not Found	0.00000000000000000000
 842		  4482	  7424	0.00000000000000000000
 843		  8162	Not Found	0.00000000000000000000
 844		 19499	Not Found	0.00000000000000000000
 845		  1573	  4541	0.00000000000000000000
 846		 18918	Not Found	0.00000000000000000000
 847		  4328	Not Found	0.00000000000000000000
 848		  7716	  1210	0.00000000000000000000
 849		 17973	  4588	0.00000000000000000000
 850		 15105	Not Found	0.00000000000000000000
 851		 12271	Not Found	0.00000000000000000000
 852		  2336	Not Found	0.00000000000000000000
 853		  4240	Not Found	0.00000000000000000000
 854		  1035	Not Found	0.00000000000000000000
 855		   518	Not Found	0.00000000000000000000
 856		 11139	  8783	0.00000000000000000000
 857		   116	Not Found	0.00000000000000000000
 858		  2453	Not Found	0.00000000000000000000
 859		  8196	Not Found	0.00000000000000000000
 860		 15090	Not Found	0.00000000000000000000
 861		 13863	Not Found	0.00000000000000000000
 862		 10721	  3412	0.00000000000000000000
 863		 16404	Not Found	0.00000000000000000000
 864		  1282	  4619	0.00000000000000000000
 865		 19605	Not Found	0.00000000000000000000
 866		  7639	Not Found	0.00000000000000000000
 867		 16369	Not Found	0.00000000000000000000
 868		 12369	Not Found	0.00000000000000000000
 869		  1050	Not Found	0.00000000000000000000
 870		 11157	   486	0.00000000000000000000
 871		  2958	Not Found	0.00000000000000000000
 872		 11380	  7763	0.00000000000000000000
 873		 18754	Not Found	0.00000000000000000000
 874		  8743	   760	0.00000000000000000000
 875		  3193	Not Found	0.00000000000000000000
 876		  5808	  6870	0.00000000000000000000
 877		  9423	  8546	0.00000000000000000000
 878		  6967	  6371	0.00000000000000000000
 879		 12609	Not Found	0.00000000000000000000
 880		  8622	Not Found	0.00000000000000000000
 881		  7196	    54	0.00000000000000000000
 882		 11751	Not Found	0.00000000000000000000
 883		  2678	Not Found	0.00000000000000000000
 884		 11945	Not Found	0.00000000000000000000
 885		   928	  5642	0.00000000000000000000
 886		 17212	Not Found	0.00000000000000000000
 887		   272	Not Found	0.00000000000000000000
 888		  9833	Not Found	0.00000000000000000000
 889		  6356	Not Found	0.00000000000000000000
 890		  3901	  3968	0.00000000000000000000
 891		 13010	Not Found	0.00000000000000000000
 892		  9717	Not Found	0.00000000000000000000
 893		  7160	Not Found	0.00000000000000000000
 894		  3549	Not Found	0.00000000000000000000
 895		 13776	Not Found	0.00000000000000000000
 896		  6340	Not Found	0.00000000000000000000
 897		  9331	  6589	0.00000000000000000000
 898		  1749	Not Found	0.00000000000000000000
 899		 13615	  4905	0.00000000000000000000
 900		 14836	Not Found	0.00000000000000000000
 901		  2874	Not Found	0.00000000000000000000
 902		 18646	Not Found	0.00000000000000000000
 903		 19244	  4387	0.00000000000000000000
 904		  5695	  5511	0.00000000000000000000
 905		   787	Not Found	0.00000000000000000000
 906		 18236	  5504	0.00000000000000000000
 907		 15455	Not Found	0.00000000000000000000
 908		  8875	Not Found	0.00000000000000000000
 909		 19962	Not Found	0.00000000000000000000
 910		  5927	   997	0.00000000000000000000
 911		 10785	  8286	0.00000000000000000000
 912		 17505	Not Found	0.00000000000000000000
 913		  5028	Not Found	0.00000000000000000000
 914		  4487	   433	0.00000000000000000000
 915		   749	Not Found	0.00000000000000000000
 916		  9057	Not Found	0.00000000000000000000
 917		 16386	Not Found	0.00000000000000000000
 918		  7253	Not Found	0.00000000000000000000
 919		 11299	  2442	0.00000000000000000000
 920		  7187	  8764	0.00000000000000000000
 921		  1320	  5867	0.00000000000000000000
 922		  6762	   597	0.00000000000000000000
 923		 14226	Not Found	0.00000000000000000000
 924		  7681	  7500	0.00000000000000000000
 925		  9423	  8546	0.00000000000000000000
 926		  1930	Not Found	0.00000000000000000000
 927		  3127	   718	0.00000000000000000000
 928		  4451	  2113	0.00000000000000000000
 929		 11223	Not Found	0.00000000000000000000
 930		 16449	Not Found	0.00000000000000000000
 931		 12737	Not Found	0.00000000000000000000
 932		   731	  4209	0.00000000000000000000
 933		  1713	Not Found	0.00000000000000000000
 934		  7665	Not Found	0.00000000000000000000
 935		  5975	  4888	0.00000000000000000000
 936		 14178	Not Found	0.00000000000000000000
 937		  5500	  1969	0.00000000000000000000
 938		  2442	  5604	0.00000000000000000000
 939		 10236	   383	0.00000000000000000000
 940		 15490	Not Found	0.00000000000000000000
 941		  1006	  5582	0.00000000000000000000
 942		 11612	Not Found	0.00000000000000000000
 943		  1297	Not Found	0.00000000000000000000
 944		 18631	Not Found	0.00000000000000000000
 945		 17942	  7857	0.00000000000000000000
 946		 14857	  2670	0.00000000000000000000
 947		  2812	Not Found	0.00000000000000000000
 948		   112	  2478	0.00000000000000000000
 949		  3327	  4556	0.00000000000000000000
 950		 12286	  5880	0.00000000000000000000
 951		  3944	  8962	0.00000000000000000000
 952		  9289	  9424	0.00000000000000000000
 953		 13240	Not Found	0.00000000000000000000
 954		  5603	Not Found	0.00000000000000000000
 955		  7405	  9464	0.00000000000000000000
 956		  4958	  7533	0.00100000000000000000
 957		  8146	Not Found	0.00000000000000000000
 958		  9425	Not Found	0.00000000000000000000
 959		 10897	  4707	0.00000000000000000000
 960		 11721	Not Found	0.00000000000000000000
 961		 12393	Not Found	0.00000000000000000000
 962		  9220	Not Found	0.00000000000000000000
 963		  9487	Not Found	0.00000000000000000000
 964		  9292	Not Found	0.00000000000000000000
 965		 11879	  4876	0.00000000000000000000
 966		  3473	  4807	0.00000000000000000000
 967		 13879	  1839	0.00000000000000000000
 968		 11142	  5782	0.00000000000000000000
 969		 10917	  6653	0.00000000000000000000
 970		  2713	Not Found	0.00000000000000000000
 971		 13366	  9674	0.00000000000000000000
 972		 10815	Not Found	0.00000000000000000000
 973		  3571	Not Found	0.00000000000000000000
 974		 13630	  8745	0.00000000000000000000
 975		  7352	Not Found	0.00000000000000000000
 976		 19942	Not Found	0.00000000000000000000
 977		 17530	Not Found	0.00000000000000000000
 978		 16278	Not Found	0.00000000000000000000
 979		 11275	  1590	0.00000000000000000000
 980		 11614	Not Found	0.00000000000000000000
 981		 10432	Not Found	0.00000000000000000000
 982		  3390	Not Found	0.00000000000000000000
 983		  3782	  2608	0.00000000000000000000
 984		 13140	Not Found	0.00000000000000000000
 985		  9931	Not Found	0.00000000000000000000
 986		  1329	  3314	0.00000000000000000000
 987		 14186	Not Found	0.00000000000000000000
 988		  4820	  4043	0.00000000000000000000
 989		  3402	   619	0.00000000000000000000
 990		  3385	  5809	0.00000000000000000000
 991		   455	Not Found	0.00000000000000000000
 992		   700	Not Found	0.00000000000000000000
 993		 16145	Not Found	0.00000000000000000000
 994		 14949	  8508	0.00000000000000000000
 995		  7394	  6043	0.00000000000000000000
 996		  1521	  2705	0.00000000000000000000
 997		 16419	Not Found	0.00000000000000000000
 998		 12348	  8320	0.00000000000000000000
 999		  5077	Not Found	0.00000000000000000000
1000		  7345	  1087	0.00000000000000000000
