LINEAR SEARCH ANALYSIS
Array Size = 16000
-------------------------------------------
Iteration	Key	Index	Time (sec)
-------------------------------------------
   1		 19941	Not Found	0.00000000000000000000
   2		  1861	Not Found	0.00000000000000000000
   3		  8141	   329	0.00000000000000000000
   4		 19688	  9980	0.00000000000000000000
   5		 21356	Not Found	0.00000000000000000000
   6		   146	   172	0.00000000000000000000
   7		 14460	 11816	0.00000000000000000000
   8		  3678	Not Found	0.00000000000000000000
   9		  8396	  6767	0.00000000000000000000
  10		 18035	  2218	0.00000000000000000000
  11		 13079	  7851	0.00000000000000000000
  12		 14096	  9174	0.00000000000000000000
  13		 25959	  5929	0.00000000000000000000
  14		  9167	Not Found	0.00000000000000000000
  15		 25532	 10890	0.00000000000000000000
  16		 27708	Not Found	0.00000000000000000000
  17		  3282	Not Found	0.00000000000000000000
  18		  1016	Not Found	0.00000000000000000000
  19		 15935	    92	0.00000000000000000000
  20		 28913	Not Found	0.00000000000000000000
  21		 12855	 13149	0.00000000000000000000
  22		 10371	  4886	0.00000000000000000000
  23		  1207	 13023	0.00000000000000000000
  24		 10877	Not Found	0.00000000000000000000
  25		 25335	  5919	0.00000000000000000000
  26		 29016	  4398	0.00000000000000000000
  27		 16189	Not Found	0.00000000000000000000
  28		 18725	Not Found	0.00000000000000000000
  29		 29843	Not Found	0.00000000000000000000
  30		 27397	  1262	0.00000000000000000000
  31		 24816	 12563	0.00000000000000000000
  32		 26906	Not Found	0.00000000000000000000
  33		 29132	  2677	0.00000000000000000000
  34		  5976	Not Found	0.00000000000000000000
  35		 15933	  7463	0.00000000000000000000
  36		 16296	Not Found	0.00000000000000000000
  37		 25353	  1048	0.00000000000000000000
  38		  9260	Not Found	0.00000000000000000000
  39		 14429	 12692	0.00000000000000000000
  40		 10415	  1238	0.00000000000000000000
  41		 30202	  7201	0.00000000000000000000
  42		  1155	Not Found	0.00000000000000000000
  43		 16926	Not Found	0.00000000000000000000
  44		 10327	  2051	0.00000000000000000000
  45		 18555	Not Found	0.00000000000000000000
  46		  8149	Not Found	0.00000000000000000000
  47		  8679	  6524	0.00000000000000000000
  48		 13568	  6597	0.00000000000000000000
  49		 23227	Not Found	0.00000000000000000000
  50		  2984	Not Found	0.00000000000000000000
  51		  5366	Not Found	0.00000000000000000000
  52		 23928	Not Found	0.00000000000000000000
  53		 27805	Not Found	0.00000000000000000000
  54		   865	  1173	0.00000000000000000000
  55		 14317	 15573	0.00000000000000000000
  56		  8049	Not Found	0.00000000000000000000
  57		 19038	Not Found	0.00000000000000000000
  58		  4698	 13442	0.00000000000000000000
  59		 22669	Not Found	0.00000000000000000000
  60		   562	  9020	0.00000000000000000000
  61		 19577	Not Found	0.00000000000000000000
  62		  9268	Not Found	0.00000000000000000000
  63		  5313	 11358	0.00000000000000000000
  64		 18828	  4537	0.00000000000000000000
  65		  3783	Not Found	0.00000000000000000000
  66		 28527	   753	0.00000000000000000000
  67		 27358	Not Found	0.00000000000000000000
  68		 21776	  7895	0.00000000000000000000
  69		  8939	Not Found	0.00000000000000000000
  70		 28215	  4674	0.00000000000000000000
  71		  7977	Not Found	0.00000000000000000000
  72		   639	  7968	0.00000000000000000000
  73		 16877	  7214	0.00000000000000000000
  74		 22913	  3889	0.00000000000000000000
  75		  6810	Not Found	0.00000000000000000000
  76		  4738	Not Found	0.00000000000000000000
  77		 16677	Not Found	0.00000000000000000000
  78		 23127	Not Found	0.00000000000000000000
  79		  9951	  8489	0.00000000000000000000
  80		  8859	 10520	0.00000000000000000000
  81		 20059	Not Found	0.00000000000000000000
  82		 25968	  1184	0.00000000000000000000
  83		 11172	Not Found	0.00000000000000000000
  84		 26460	 15001	0.00000000000000000000
  85		 14124	Not Found	0.00000000000000000000
  86		 29956	  4446	0.00000000000000000000
  87		 20754	  5494	0.00000000000000000000
  88		 25559	   822	0.00000000000000000000
  89		 16303	Not Found	0.00000000000000000000
  90		  5342	Not Found	0.00000000000000000000
  91		 11157	Not Found	0.00000000000000000000
  92		 29525	Not Found	0.00000000000000000000
  93		 19545	Not Found	0.00000000000000000000
  94		 29875	  7509	0.00000000000000000000
  95		 21731	Not Found	0.00000000000000000000
  96		  3659	Not Found	0.00000000000000000000
  97		 25374	Not Found	0.00000000000000000000
  98		 29874	Not Found	0.00000000000000000000
  99		  5690	Not Found	0.00000000000000000000
 100		 23433	Not Found	0.00000000000000000000
 101		 18393	Not Found	0.00000000000000000000
 102		 24668	Not Found	0.00000000000000000000
 103		  2024	  9510	0.00000000000000000000
 104		 25013	Not Found	0.00000000000000000000
 105		 14318	Not Found	0.00000000000000000000
 106		 19350	 15073	0.00000000000000000000
 107		 18961	Not Found	0.00000000000000000000
 108		 27896	Not Found	0.00000000000000000000
 109		  2350	 11385	0.00000000000000000000
 110		 17917	Not Found	0.00000000000000000000
 111		 15021	Not Found	0.00000000000000000000
 112		 31991	Not Found	0.00000000000000000000
 113		 12283	Not Found	0.00000000000000000000
 114		 22649	Not Found	0.00000000000000000000
 115		 19664	Not Found	0.00000000000000000000
 116		 20229	Not Found	0.00000000000000000000
 117		 28844	Not Found	0.00000000000000000000
 118		   277	Not Found	0.00000000000000000000
 119		 25902	Not Found	0.00000000000000000000
 120		 22678	Not Found	0.00000000000000000000
 121		 16435	Not Found	0.00000000000000000000
 122		  8462	  3941	0.00000000000000000000
 123		 24542	  7058	0.00000000000000000000
 124		 17911	Not Found	0.00000000000000000000
 125		  6140	  4490	0.00000000000000000000
 126		  4393	Not Found	0.00000000000000000000
 127		  9054	  3557	0.00000000000000000000
 128		 20797	  3524	0.00000000000000000000
 129		 16665	 14062	0.00000000000000000000
 130		 20554	  6170	0.00000000000000000000
 131		 25816	  7072	0.00000000000000000000
 132		  1404	Not Found	0.00000000000000000000
 133		 23197	Not Found	0.00000000000000000000
 134		    67	Not Found	0.00000000000000000000
 135		   419	 13343	0.00000000000000000000
 136		 16953	Not Found	0.00000000000000000000
 137		  8005	Not Found	0.00000000000000000000
 138		  9450	 12146	0.00000000000000000000
 139		  4621	Not Found	0.00000000000000000000
 140		  4897	Not Found	0.00000000000000000000
 141		 11870	Not Found	0.00000000000000000000
 142		 22894	Not Found	0.00000000000000000000
 143		  6488	Not Found	0.00000000000000000000
 144		 12283	Not Found	0.00000000000000000000
 145		 23522	  6094	0.00000000000000000000
 146		 28651	  7843	0.00000000000000000000
 147		 30466	 10210	0.00000000000000000000
 148		 14555	Not Found	0.00000000000000000000
 149		 19429	Not Found	0.00000000000000000000
 150		 12091	Not Found	0.00000000000000000000
 151		    74	 12013	0.00000000000000000000
 152		   664	Not Found	0.00000000000000000000
 153		 23855	Not Found	0.00000000000000000000
 154		  8976	Not Found	0.00000000000000000000
 155		 20719	  4017	0.00000000000000000000
 156		  1921	Not Found	0.00000000000000000000
 157		 10027	Not Found	0.00000000000000000000
 158		 12863	Not Found	0.00000000000000000000
 159		 30267	 15757	0.00000000000000000000
 160		 20556	Not Found	0.00000000000000000000
 161		  3840	  9214	0.00000000000000000000
 162		 28511	Not Found	0.00000000000000000000
 163		 12096	Not Found	0.00000000000000000000
 164		 26959	Not Found	0.00000000000000000000
 165		 14333	  2670	0.00000000000000000000
 166		 22419	Not Found	0.00000000000000000000
 167		  3938	Not Found	0.00000000000000000000
 168		 14323	Not Found	0.00000000000000000000
 169		 21306	Not Found	0.00000000000000000000
 170		 29604	Not Found	0.00000000000000000000
 171		 26645	Not Found	0.00000000000000000000
 172		 17509	Not Found	0.00000000000000000000
 173		  4732	 11677	0.00000000000000000000
 174		  3923	  7136	0.00000000000000000000
 175		 29416	   304	0.00000000000000000000
 176		 19342	 11015	0.00000000000000000000
 177		 16986	Not Found	0.00000000000000000000
 178		 31469	Not Found	0.00000000000000000000
 179		 23747	Not Found	0.00000000000000000000
 180		 11590	Not Found	0.00000000000000000000
 181		 20382	Not Found	0.00000000000000000000
 182		  2847	Not Found	0.00000000000000000000
 183		  5740	  6485	0.00000000000000000000
 184		  2756	 12361	0.00000000000000000000
 185		 15342	Not Found	0.00000000000000000000
 186		 19212	 10055	0.00000000000000000000
 187		  3664	Not Found	0.00000000000000000000
 188		 10585	Not Found	0.00000000000000000000
 189		 17836	Not Found	0.00000000000000000000
 190		  5277	Not Found	0.00000000000000000000
 191		 14209	Not Found	0.00000000000000000000
 192		 27999	Not Found	0.00000000000000000000
 193		 18202	  4284	0.00000000000000000000
 194		   792	Not Found	0.00000000000000000000
 195		   507	 10948	0.00000000000000000000
 196		   364	Not Found	0.00000000000000000000
 197		  4290	Not Found	0.00000000000000000000
 198		 29685	Not Found	0.00000000000000000000
 199		 10283	 12023	0.00000000000000000000
 200		   203	Not Found	0.00000000000000000000
 201		 17173	Not Found	0.00000000000000000000
 202		  2541	Not Found	0.00000000000000000000
 203		 30130	Not Found	0.00000000000000000000
 204		  9260	Not Found	0.00000000000000000000
 205		 27474	Not Found	0.00000000000000000000
 206		 26195	Not Found	0.00000000000000000000
 207		 27494	  4523	0.00000000000000000000
 208		   922	  3250	0.00000000000000000000
 209		 26537	Not Found	0.00100000000000000000
 210		  3239	Not Found	0.00000000000000000000
 211		 25753	Not Found	0.00000000000000000000
 212		  6318	Not Found	0.00000000000000000000
 213		 22177	  1588	0.00000000000000000000
 214		  9321	 15983	0.00000000000000000000
 215		  8607	Not Found	0.00000000000000000000
 216		 15874	  5007	0.00000000000000000000
 217		  5559	  2536	0.00000000000000000000
 218		  3371	Not Found	0.00000000000000000000
 219		 23434	Not Found	0.00000000000000000000
 220		   233	Not Found	0.00000000000000000000
 221		  4935	Not Found	0.00000000000000000000
 222		 30954	Not Found	0.00000000000000000000
 223		 17720	Not Found	0.00000000000000000000
 224		 11869	Not Found	0.00000000000000000000
 225		 30640	 13607	0.00000000000000000000
 226		   158	Not Found	0.00000000000000000000
 227		  7568	  5280	0.00000000000000000000
 228		 11321	Not Found	0.00000000000000000000
 229		 27060	Not Found	0.00000000000000000000
 230		 26384	Not Found	0.00000000000000000000
 231		 14088	Not Found	0.00000000000000000000
 232		 29353	  7685	0.00000000000000000000
 233		 29213	 14378	0.00000000000000000000
 234		   236	Not Found	0.00000000000000000000
 235		  6250	Not Found	0.00000000000000000000
 236		 14814	  7647	0.00000000000000000000
 237		 17062	 12878	0.00000000000000000000
 238		 24855	 10725	0.00000000000000000000
 239		  6873	Not Found	0.00000000000000000000
 240		 12294	Not Found	0.00000000000000000000
 241		 25624	Not Found	0.00000000000000000000
 242		 31810	Not Found	0.00000000000000000000
 243		 10511	Not Found	0.00000000000000000000
 244		 19323	Not Found	0.00000000000000000000
 245		  4020	Not Found	0.00000000000000000000
 246		  3776	 12064	0.00000000000000000000
 247		  1000	  7333	0.00000000000000000000
 248		  3386	Not Found	0.00000000000000000000
 249		 14289	Not Found	0.00000000000000000000
 250		  8596	   184	0.00000000000000000000
 251		 12324	Not Found	0.00000000000000000000
 252		 18328	Not Found	0.00000000000000000000
 253		   966	 15169	0.00000000000000000000
 254		  9167	Not Found	0.00000000000000000000
 255		 29032	 11349	0.00000000000000000000
 256		 15664	   594	0.00000000000000000000
 257		 17162	Not Found	0.00000000000000000000
 258		  8473	Not Found	0.00000000000000000000
 259		 30343	    71	0.00000000000000000000
 260		 11296	Not Found	0.00000000000000000000
 261		  7066	Not Found	0.00000000000000000000
 262		 18061	Not Found	0.00000000000000000000
 263		  6912	Not Found	0.00000000000000000000
 264		  6517	  4375	0.00000000000000000000
 265		 30619	Not Found	0.00000000000000000000
 266		 10698	  2746	0.00000000000000000000
 267		 25032	Not Found	0.00000000000000000000
 268		 28899	  3149	0.00000000000000000000
 269		 30273	Not Found	0.00000000000000000000
 270		  1606	Not Found	0.00000000000000000000
 271		  3401	Not Found	0.00000000000000000000
 272		 19642	Not Found	0.00000000000000000000
 273		 25583	Not Found	0.00000000000000000000
 274		 25830	Not Found	0.00000000000000000000
 275		 30890	Not Found	0.00000000000000000000
 276		 31253	Not Found	0.00000000000000000000
 277		   160	  1769	0.00000000000000000000
 278		 25036	  7258	0.00000000000000000000
 279		  5713	Not Found	0.00000000000000000000
 280		  3412	Not Found	0.00000000000000000000
 281		   901	Not Found	0.00000000000000000000
 282		  1137	  8125	0.00000000000000000000
 283		 14246	Not Found	0.00000000000000000000
 284		  6861	Not Found	0.00000000000000000000
 285		 24303	Not Found	0.00000000000000000000
 286		 24051	Not Found	0.00000000000000000000
 287		   538	Not Found	0.00000000000000000000
 288		 26559	   754	0.00000000000000000000
 289		 24432	Not Found	0.00000000000000000000
 290		 25008	  9195	0.00000000000000000000
 291		 13673	Not Found	0.00000000000000000000
 292		 10119	Not Found	0.00000000000000000000
 293		 21309	Not Found	0.00000000000000000000
 294		 11283	Not Found	0.00000000000000000000
 295		 10011	  9025	0.00000000000000000000
 296		  6423	 15240	0.00000000000000000000
 297		   471	Not Found	0.00000000000000000000
 298		 11182	Not Found	0.00000000000000000000
 299		  5969	Not Found	0.00000000000000000000
 300		  6307	Not Found	0.00000000000000000000
 301		 14315	  4492	0.00000000000000000000
 302		 24713	  4524	0.00000000000000000000
 303		 17086	   215	0.00000000000000000000
 304		 31133	Not Found	0.00000000000000000000
 305		 10102	Not Found	0.00000000000000000000
 306		  9658	Not Found	0.00000000000000000000
 307		 22004	Not Found	0.00000000000000000000
 308		 15588	Not Found	0.00000000000000000000
 309		 30508	Not Found	0.00000000000000000000
 310		 14646	  9799	0.00000000000000000000
 311		  9697	Not Found	0.00000000000000000000
 312		 30521	Not Found	0.00000000000000000000
 313		 28187	Not Found	0.00000000000000000000
 314		 30183	Not Found	0.00000000000000000000
 315		 20889	  9938	0.00000000000000000000
 316		 31730	  2370	0.00000000000000000000
 317		 16524	Not Found	0.00000000000000000000
 318		 29695	Not Found	0.00000000000000000000
 319		 12630	  4044	0.00000000000000000000
 320		  8178	 12893	0.00000000000000000000
 321		  5930	Not Found	0.00000000000000000000
 322		   907	Not Found	0.00000000000000000000
 323		 14012	Not Found	0.00000000000000000000
 324		 10456	Not Found	0.00000000000000000000
 325		  4454	  8374	0.00000000000000000000
 326		 13643	Not Found	0.00000000000000000000
 327		  8802	  4596	0.00000000000000000000
 328		 15479	Not Found	0.00000000000000000000
 329		 18201	Not Found	0.00000000000000000000
 330		 26049	Not Found	0.00000000000000000000
 331		 12943	Not Found	0.00000000000000000000
 332		 25735	Not Found	0.00000000000000000000
 333		  3435	  2794	0.00000000000000000000
 334		   392	  2553	0.00000000000000000000
 335		 12097	 11444	0.00000000000000000000
 336		 31385	Not Found	0.00000000000000000000
 337		   757	 15965	0.00000000000000000000
 338		 25063	Not Found	0.00000000000000000000
 339		 30580	Not Found	0.00000000000000000000
 340		  4177	  1943	0.00000000000000000000
 341		 10018	Not Found	0.00000000000000000000
 342		 13478	Not Found	0.00000000000000000000
 343		 29600	  2849	0.00000000000000000000
 344		 10191	  4915	0.00000000000000000000
 345		   219	  8049	0.00000000000000000000
 346		 31264	Not Found	0.00000000000000000000
 347		  4484	Not Found	0.00000000000000000000
 348		 20590	Not Found	0.00000000000000000000
 349		  6243	Not Found	0.00000000000000000000
 350		 13978	 13571	0.00000000000000000000
 351		 11554	Not Found	0.00000000000000000000
 352		 31665	Not Found	0.00000000000000000000
 353		 18559	Not Found	0.00000000000000000000
 354		  3027	 10043	0.00000000000000000000
 355		  2827	Not Found	0.00000000000000000000
 356		  7802	  3812	0.00000000000000000000
 357		 10971	   857	0.00000000000000000000
 358		   988	Not Found	0.00000000000000000000
 359		 18396	Not Found	0.00000000000000000000
 360		 29309	Not Found	0.00000000000000000000
 361		  9129	Not Found	0.00000000000000000000
 362		   298	  9393	0.00000000000000000000
 363		 24841	  9970	0.00000000000000000000
 364		 27637	Not Found	0.00000000000000000000
 365		 20619	Not Found	0.00000000000000000000
 366		 29418	  3268	0.00000000000000000000
 367		 15065	 15071	0.00000000000000000000
 368		 14229	  6769	0.00000000000000000000
 369		 24243	  3892	0.00000000000000000000
 370		   148	  4701	0.00000000000000000000
 371		 18354	Not Found	0.00000000000000000000
 372		 21698	Not Found	0.00000000000000000000
 373		  3144	    89	0.00000000000000000000
 374		 30659	Not Found	0.00000000000000000000
 375		 13463	Not Found	0.00000000000000000000
 376		  8191	  5193	0.00000000000000000000
 377		 22796	Not Found	0.00000000000000000000
 378		 22852	Not Found	0.00000000000000000000
 379		 16111	  7524	0.00000000000000000000
 380		 25001	 11158	0.00000000000000000000
 381		 10813	  2620	0.00000000000000000000
 382		 31341	Not Found	0.00000000000000000000
 383		  6024	Not Found	0.00000000000000000000
 384		 13540	  3075	0.00000000000000000000
 385		 26041	  3176	0.00000000000000000000
 386		 17328	  8096	0.00000000000000000000
 387		 30427	  9622	0.00000000000000000000
 388		 23253	Not Found	0.00000000000000000000
 389		 18533	  2050	0.00000000000000000000
 390		 15728	  7673	0.00000000000000000000
 391		 18066	Not Found	0.00000000000000000000
 392		 19986	 14092	0.00000000000000000000
 393		 31694	  1813	0.00100000000000000000
 394		 24338	Not Found	0.00000000000000000000
 395		  1095	Not Found	0.00000000000000000000
 396		 10838	  3591	0.00000000000000000000
 397		 12049	Not Found	0.00000000000000000000
 398		 21592	  9455	0.00000000000000000000
 399		 16783	Not Found	0.00000000000000000000
 400		 15482	Not Found	0.00000000000000000000
 401		 14073	Not Found	0.00000000000000000000
 402		 11498	Not Found	0.00000000000000000000
 403		 25911	  7264	0.00000000000000000000
 404		 20128	Not Found	0.00000000000000000000
 405		 31080	Not Found	0.00000000000000000000
 406		 10806	Not Found	0.00000000000000000000
 407		  4557	Not Found	0.00000000000000000000
 408		  1202	 15497	0.00000000000000000000
 409		 10232	Not Found	0.00000000000000000000
 410		  8058	 14313	0.00000000000000000000
 411		 21858	  4193	0.00000000000000000000
 412		 23819	Not Found	0.00000000000000000000
 413		  3553	 13377	0.00000000000000000000
 414		  6175	  9418	0.00000000000000000000
 415		  1679	Not Found	0.00000000000000000000
 416		 10611	Not Found	0.00000000000000000000
 417		 29982	  8402	0.00000000000000000000
 418		 14409	  9143	0.00000000000000000000
 419		 29366	Not Found	0.00000000000000000000
 420		  5201	   743	0.00000000000000000000
 421		 26315	Not Found	0.00000000000000000000
 422		  2988	  5222	0.00000000000000000000
 423		 16778	 15496	0.00000000000000000000
 424		  1564	   714	0.00000000000000000000
 425		 19154	 15212	0.00000000000000000000
 426		 13985	Not Found	0.00000000000000000000
 427		 12754	  7733	0.00000000000000000000
 428		   531	  8506	0.00000000000000000000
 429		 10950	Not Found	0.00000000000000000000
 430		 15737	  3195	0.00000000000000000000
 431		  4970	 14266	0.00000000000000000000
 432		 14638	Not Found	0.00000000000000000000
 433		  7183	  9820	0.00000000000000000000
 434		 22033	Not Found	0.00000000000000000000
 435		  8842	 10451	0.00000000000000000000
 436		  9812	Not Found	0.00000000000000000000
 437		  5448	Not Found	0.00000000000000000000
 438		 30630	 13871	0.00000000000000000000
 439		 10314	Not Found	0.00000000000000000000
 440		  7886	Not Found	0.00000000000000000000
 441		 13029	Not Found	0.00000000000000000000
 442		  7403	  5175	0.00000000000000000000
 443		  1126	Not Found	0.00000000000000000000
 444		 21500	Not Found	0.00000000000000000000
 445		 12057	Not Found	0.00000000000000000000
 446		 27737	  3956	0.00000000000000000000
 447		  1087	Not Found	0.00000000000000000000
 448		 23366	Not Found	0.00000000000000000000
 449		  4343	  4719	0.00000000000000000000
 450		 15047	  2364	0.00000000000000000000
 451		 11043	Not Found	0.00000000000000000000
 452		 25942	Not Found	0.00000000000000000000
 453		 22231	 14976	0.00000000000000000000
 454		  7226	Not Found	0.00000000000000000000
 455		 20430	 14411	0.00000000000000000000
 456		 30084	Not Found	0.00000000000000000000
 457		  8187	Not Found	0.00000000000000000000
 458		 30462	 12683	0.00000000000000000000
 459		 13105	Not Found	0.00000000000000000000
 460		 11666	Not Found	0.00000000000000000000
 461		  6514	Not Found	0.00000000000000000000
 462		 19702	  9319	0.00000000000000000000
 463		 29810	Not Found	0.00000000000000000000
 464		   410	Not Found	0.00000000000000000000
 465		 12861	Not Found	0.00000000000000000000
 466		 12080	  6319	0.00000000000000000000
 467		  1587	Not Found	0.00000000000000000000
 468		 26692	Not Found	0.00000000000000000000
 469		 23217	Not Found	0.00000000000000000000
 470		  4028	Not Found	0.00000000000000000000
 471		  2327	Not Found	0.00000000000000000000
 472		 23356	  2583	0.00000000000000000000
 473		 21276	Not Found	0.00000000000000000000
 474		 26047	Not Found	0.00000000000000000000
 475		 12162	 14878	0.00000000000000000000
 476		 15332	  2675	0.00000000000000000000
 477		 19883	 12365	0.00000000000000000000
 478		 22467	Not Found	0.00000000000000000000
 479		  3745	Not Found	0.00000000000000000000
 480		 28742	  6008	0.00000000000000000000
 481		 26507	Not Found	0.00000000000000000000
 482		 24657	  2298	0.00000000000000000000
 483		   171	Not Found	0.00000000000000000000
 484		 19532	Not Found	0.00000000000000000000
 485		 15695	 13772	0.00000000000000000000
 486		  8386	Not Found	0.00000000000000000000
 487		 31846	Not Found	0.00000000000000000000
 488		  6963	  1502	0.00000000000000000000
 489		  7826	Not Found	0.00000000000000000000
 490		 22098	 13811	0.00000000000000000000
 491		  1516	 11399	0.00000000000000000000
 492		 23869	  5391	0.00000000000000000000
 493		  9437	Not Found	0.00000000000000000000
 494		  9590	 11437	0.00000000000000000000
 495		  7343	 15113	0.00000000000000000000
 496		  3494	Not Found	0.00000000000000000000
 497		 12747	Not Found	0.00000000000000000000
 498		 12144	Not Found	0.00000000000000000000
 499		 19131	Not Found	0.00000000000000000000
 500		  1242	Not Found	0.00000000000000000000
 501		  6250	Not Found	0.00000000000000000000
 502		  9760	  3398	0.00000000000000000000
 503		 14651	Not Found	0.00000000000000000000
 504		 19173	Not Found	0.00000000000000000000
 505		 30181	Not Found	0.00000000000000000000
 506		 21021	Not Found	0.00000000000000000000
 507		 28223	Not Found	0.00000000000000000000
 508		 28203	 13673	0.00000000000000000000
 509		    96	Not Found	0.00000000000000000000
 510		 16132	Not Found	0.00000000000000000000
 511		  6076	Not Found	0.00000000000000000000
 512		 12889	   225	0.00000000000000000000
 513		 15140	Not Found	0.00000000000000000000
 514		   528	Not Found	0.00000000000000000000
 515		  2004	Not Found	0.00000000000000000000
 516		 11163	  8011	0.00000000000000000000
 517		  4860	  4877	0.00000000000000000000
 518		 20203	Not Found	0.00000000000000000000
 519		 18008	Not Found	0.00000000000000000000
 520		  6672	Not Found	0.00000000000000000000
 521		   222	Not Found	0.00000000000000000000
 522		 20164	Not Found	0.00000000000000000000
 523		 23436	Not Found	0.00000000000000000000
 524		  6523	   937	0.00000000000000000000
 525		 19150	Not Found	0.00000000000000000000
 526		 28066	  6234	0.00000000000000000000
 527		 14378	  6500	0.00000000000000000000
 528		 31035	  6138	0.00000000000000000000
 529		 26368	Not Found	0.00000000000000000000
 530		  4600	  1313	0.00000000000000000000
 531		 24233	  3628	0.00000000000000000000
 532		 20605	Not Found	0.00000000000000000000
 533		 28989	Not Found	0.00000000000000000000
 534		 29305	Not Found	0.00000000000000000000
 535		 12734	Not Found	0.00100000000000000000
 536		  8880	Not Found	0.00000000000000000000
 537		  7303	 14136	0.00000000000000000000
 538		   301	Not Found	0.00000000000000000000
 539		  3108	  6344	0.00000000000000000000
 540		 10297	Not Found	0.00000000000000000000
 541		  9728	Not Found	0.00000000000000000000
 542		  2757	Not Found	0.00000000000000000000
 543		  1433	 13270	0.00000000000000000000
 544		  3944	  9911	0.00000000000000000000
 545		 25096	Not Found	0.00000000000000000000
 546		 15660	  5474	0.00000000000000000000
 547		  2345	Not Found	0.00000000000000000000
 548		 18859	Not Found	0.00000000000000000000
 549		  9382	Not Found	0.00000000000000000000
 550		 24670	  2749	0.00000000000000000000
 551		  8366	Not Found	0.00000000000000000000
 552		 14594	Not Found	0.00000000000000000000
 553		  2345	Not Found	0.00000000000000000000
 554		  7805	Not Found	0.00000000000000000000
 555		  6552	  3041	0.00000000000000000000
 556		 20915	Not Found	0.00000000000000000000
 557		 23823	Not Found	0.00000000000000000000
 558		 20514	 11578	0.00000000000000000000
 559		 26346	Not Found	0.00000000000000000000
 560		  1087	Not Found	0.00000000000000000000
 561		 12837	Not Found	0.00000000000000000000
 562		 22001	Not Found	0.00000000000000000000
 563		 25733	Not Found	0.00000000000000000000
 564		   916	Not Found	0.00000000000000000000
 565		 23536	  6498	0.00000000000000000000
 566		 12400	Not Found	0.00000000000000000000
 567		 24489	Not Found	0.00000000000000000000
 568		 15236	Not Found	0.00000000000000000000
 569		 23628	  4426	0.00000000000000000000
 570		 18969	Not Found	0.00000000000000000000
 571		  2233	 13637	0.00000000000000000000
 572		  2934	  6045	0.00000000000000000000
 573		   851	Not Found	0.00000000000000000000
 574		 10157	Not Found	0.00000000000000000000
 575		 12862	  8968	0.00000000000000000000
 576		  6492	Not Found	0.00000000000000000000
 577		 18048	  8347	0.00000000000000000000
 578		 29388	  9683	0.00000000000000000000
 579		   303	 13740	0.00000000000000000000
 580		 20709	Not Found	0.00000000000000000000
 581		  4884	Not Found	0.00000000000000000000
 582		  4803	  2862	0.00000000000000000000
 583		 29296	Not Found	0.00000000000000000000
 584		 25331	Not Found	0.00000000000000000000
 585		  8121	 11254	0.00000000000000000000
 586		 18341	Not Found	0.00000000000000000000
 587		 22936	Not Found	0.00000000000000000000
 588		 22863	  5357	0.00000000000000000000
 589		   358	Not Found	0.00000000000000000000
 590		 31645	   137	0.00000000000000000000
 591		 15607	  7064	0.00000000000000000000
 592		  4764	Not Found	0.00000000000000000000
 593		  1922	  8315	0.00000000000000000000
 594		 16002	Not Found	0.00000000000000000000
 595		 13016	Not Found	0.00000000000000000000
 596		 14985	Not Found	0.00000000000000000000
 597		  9036	  7640	0.00000000000000000000
 598		  8108	  6310	0.00000000000000000000
 599		  9219	Not Found	0.00000000000000000000
 600		  4683	  1129	0.00000000000000000000
 601		 24186	Not Found	0.00000000000000000000
 602		 23046	  1123	0.00000000000000000000
 603		  6022	Not Found	0.00000000000000000000
 604		  7499	  7926	0.00000000000000000000
 605		  9504	Not Found	0.00000000000000000000
 606		  1637	Not Found	0.00000000000000000000
 607		 27573	 14684	0.00000000000000000000
 608		  1563	  2816	0.00000000000000000000
 609		 26324	  9603	0.00000000000000000000
 610		 18456	Not Found	0.00000000000000000000
 611		  8304	 10548	0.00000000000000000000
 612		 20399	Not Found	0.00000000000000000000
 613		 21264	   541	0.00000000000000000000
 614		 10177	Not Found	0.00000000000000000000
 615		  5796	  7501	0.00000000000000000000
 616		  9930	Not Found	0.00000000000000000000
 617		 13528	   434	0.00000000000000000000
 618		  4195	Not Found	0.00000000000000000000
 619		 26900	Not Found	0.00000000000000000000
 620		 26550	  9751	0.00000000000000000000
 621		 12700	 12296	0.00000000000000000000
 622		  8891	   903	0.00000000000000000000
 623		 16986	Not Found	0.00000000000000000000
 624		 11320	  6390	0.00000000000000000000
 625		 28511	Not Found	0.00000000000000000000
 626		 21204	  9634	0.00000000000000000000
 627		 21544	Not Found	0.00000000000000000000
 628		 30147	Not Found	0.00000000000000000000
 629		 26137	Not Found	0.00000000000000000000
 630		   982	 10132	0.00000000000000000000
 631		 21460	Not Found	0.00000000000000000000
 632		 18412	 15114	0.00000000000000000000
 633		 24666	  5684	0.00000000000000000000
 634		  5662	  5301	0.00000000000000000000
 635		  8212	Not Found	0.00000000000000000000
 636		 18206	Not Found	0.00000000000000000000
 637		 28465	Not Found	0.00000000000000000000
 638		  7060	  6251	0.00000000000000000000
 639		 29702	Not Found	0.00000000000000000000
 640		 12175	Not Found	0.00000000000000000000
 641		 21836	  5660	0.00000000000000000000
 642		  9785	Not Found	0.00000000000000000000
 643		 19315	Not Found	0.00000000000000000000
 644		 14450	Not Found	0.00000000000000000000
 645		 11616	Not Found	0.00000000000000000000
 646		 25856	Not Found	0.00000000000000000000
 647		 23636	Not Found	0.00000000000000000000
 648		 14191	Not Found	0.00000000000000000000
 649		 20428	Not Found	0.00000000000000000000
 650		   735	  4565	0.00000000000000000000
 651		 18837	Not Found	0.00000000000000000000
 652		  6224	Not Found	0.00000000000000000000
 653		 15225	 14221	0.00000000000000000000
 654		 31781	Not Found	0.00000000000000000000
 655		 29466	  3592	0.00000000000000000000
 656		 31997	Not Found	0.00000000000000000000
 657		  1540	  1802	0.00000000000000000000
 658		 24078	  3737	0.00000000000000000000
 659		  1792	  3008	0.00000000000000000000
 660		  6570	Not Found	0.00000000000000000000
 661		  5919	  1311	0.00000000000000000000
 662		  9365	Not Found	0.00000000000000000000
 663		 14373	Not Found	0.00000000000000000000
 664		  8527	Not Found	0.00000000000000000000
 665		 13108	Not Found	0.00000000000000000000
 666		 10889	Not Found	0.00000000000000000000
 667		 15850	Not Found	0.00000000000000000000
 668		 22104	Not Found	0.00000000000000000000
 669		  6476	Not Found	0.00000000000000000000
 670		 24547	Not Found	0.00000000000000000000
 671		   311	Not Found	0.00000000000000000000
 672		  5022	Not Found	0.00000000000000000000
 673		 14384	Not Found	0.00000000000000000000
 674		 14935	Not Found	0.00000000000000000000
 675		  6848	Not Found	0.00000000000000000000
 676		 24983	  7915	0.00000000000000000000
 677		 16077	Not Found	0.00100000000000000000
 678		  5161	Not Found	0.00000000000000000000
 679		  1671	Not Found	0.00000000000000000000
 680		 27593	  4755	0.00000000000000000000
 681		  3037	 11589	0.00000000000000000000
 682		 27970	  2098	0.00000000000000000000
 683		 12450	Not Found	0.00000000000000000000
 684		 27269	Not Found	0.00000000000000000000
 685		 16580	Not Found	0.00000000000000000000
 686		 17027	 12020	0.00000000000000000000
 687		 16191	   527	0.00000000000000000000
 688		 21713	Not Found	0.00000000000000000000
 689		 31672	 13263	0.00000000000000000000
 690		 28505	 13994	0.00000000000000000000
 691		 15845	Not Found	0.00000000000000000000
 692		 28326	Not Found	0.00000000000000000000
 693		    37	 14639	0.00000000000000000000
 694		 19858	Not Found	0.00000000000000000000
 695		  3581	Not Found	0.00000000000000000000
 696		  1884	  1001	0.00000000000000000000
 697		 15440	  6934	0.00000000000000000000
 698		  1903	Not Found	0.00000000000000000000
 699		 16528	 14981	0.00000000000000000000
 700		 31842	Not Found	0.00000000000000000000
 701		 12090	 13608	0.00000000000000000000
 702		 20474	Not Found	0.00000000000000000000
 703		 15698	Not Found	0.00000000000000000000
 704		 21554	Not Found	0.00000000000000000000
 705		 18887	   729	0.00000000000000000000
 706		 30105	  5760	0.00000000000000000000
 707		 23264	Not Found	0.00000000000000000000
 708		  1412	Not Found	0.00000000000000000000
 709		 30751	  7796	0.00000000000000000000
 710		   740	  7979	0.00000000000000000000
 711		 19526	  5498	0.00000000000000000000
 712		 16066	Not Found	0.00000000000000000000
 713		  6229	Not Found	0.00000000000000000000
 714		 25012	Not Found	0.00000000000000000000
 715		  1988	Not Found	0.00000000000000000000
 716		 16829	Not Found	0.00000000000000000000
 717		 14151	  4080	0.00000000000000000000
 718		 13436	 14194	0.00000000000000000000
 719		  2770	Not Found	0.00000000000000000000
 720		 10142	  2380	0.00000000000000000000
 721		  5317	Not Found	0.00000000000000000000
 722		 23005	Not Found	0.00000000000000000000
 723		  8033	 13114	0.00000000000000000000
 724		  8479	Not Found	0.00000000000000000000
 725		 13045	 13724	0.00000000000000000000
 726		 20084	Not Found	0.00000000000000000000
 727		  1636	  1924	0.00000000000000000000
 728		  1787	Not Found	0.00000000000000000000
 729		 29941	  1609	0.00000000000000000000
 730		 24823	Not Found	0.00000000000000000000
 731		 11151	  2444	0.00000000000000000000
 732		 20130	Not Found	0.00000000000000000000
 733		  4291	Not Found	0.00000000000000000000
 734		 27776	Not Found	0.00000000000000000000
 735		 18014	Not Found	0.00000000000000000000
 736		 14130	Not Found	0.00000000000000000000
 737		 22618	Not Found	0.00000000000000000000
 738		  3368	Not Found	0.00000000000000000000
 739		  3162	Not Found	0.00000000000000000000
 740		 17059	Not Found	0.00000000000000000000
 741		  7710	Not Found	0.00000000000000000000
 742		   728	  8553	0.00000000000000000000
 743		 22680	  2290	0.00000000000000000000
 744		 20289	Not Found	0.00000000000000000000
 745		 14458	Not Found	0.00000000000000000000
 746		 13916	Not Found	0.00000000000000000000
 747		 27778	  9453	0.00000000000000000000
 748		 25952	Not Found	0.00000000000000000000
 749		 26824	Not Found	0.00000000000000000000
 750		  5305	Not Found	0.00000000000000000000
 751		 11737	  8712	0.00000000000000000000
 752		  3403	Not Found	0.00000000000000000000
 753		 10609	Not Found	0.00000000000000000000
 754		 13505	  4461	0.00000000000000000000
 755		  1531	  1037	0.00000000000000000000
 756		 16765	Not Found	0.00000000000000000000
 757		 10069	Not Found	0.00000000000000000000
 758		 31460	Not Found	0.00000000000000000000
 759		 18018	Not Found	0.00000000000000000000
 760		 20756	  8665	0.00000000000000000000
 761		 27245	  3556	0.00000000000000000000
 762		 12105	  9686	0.00000000000000000000
 763		 13934	Not Found	0.00000000000000000000
 764		 18050	  3298	0.00000000000000000000
 765		 29102	Not Found	0.00000000000000000000
 766		 14878	Not Found	0.00000000000000000000
 767		 11876	Not Found	0.00000000000000000000
 768		  9862	Not Found	0.00000000000000000000
 769		 17969	   372	0.00000000000000000000
 770		 31276	Not Found	0.00000000000000000000
 771		 25526	Not Found	0.00000000000000000000
 772		  7003	Not Found	0.00000000000000000000
 773		 18834	Not Found	0.00000000000000000000
 774		 27054	Not Found	0.00000000000000000000
 775		 19077	 14123	0.00000000000000000000
 776		 24623	Not Found	0.00000000000000000000
 777		 17302	  3966	0.00000000000000000000
 778		  1379	Not Found	0.00000000000000000000
 779		 12388	Not Found	0.00000000000000000000
 780		   214	 10286	0.00000000000000000000
 781		 29456	Not Found	0.00000000000000000000
 782		 10722	  4995	0.00000000000000000000
 783		 29791	Not Found	0.00000000000000000000
 784		 16832	Not Found	0.00000000000000000000
 785		  9733	Not Found	0.00000000000000000000
 786		 23342	Not Found	0.00000000000000000000
 787		    60	Not Found	0.00000000000000000000
 788		 17448	  4746	0.00000000000000000000
 789		  7438	 11821	0.00000000000000000000
 790		 10890	 15308	0.00000000000000000000
 791		 26368	Not Found	0.00000000000000000000
 792		 14991	Not Found	0.00000000000000000000
 793		 15870	Not Found	0.00000000000000000000
 794		 11918	Not Found	0.00000000000000000000
 795		 19637	Not Found	0.00000000000000000000
 796		 16745	  4236	0.00000000000000000000
 797		 22981	Not Found	0.00000000000000000000
 798		 16763	Not Found	0.00000000000000000000
 799		 31595	Not Found	0.00000000000000000000
 800		 12310	Not Found	0.00000000000000000000
 801		  2452	Not Found	0.00000000000000000000
 802		 31180	Not Found	0.00000000000000000000
 803		 18813	  2614	0.00000000000000000000
 804		 30227	Not Found	0.00000000000000000000
 805		 26434	Not Found	0.00000000000000000000
 806		  4365	Not Found	0.00000000000000000000
 807		 13589	 14384	0.00000000000000000000
 808		 22642	  2035	0.00000000000000000000
 809		  9455	Not Found	0.00000000000000000000
 810		 11504	  9463	0.00000000000000000000
 811		 22770	  5393	0.00000000000000000000
 812		  9095	  3372	0.00000000000000000000
 813		 18407	Not Found	0.00000000000000000000
 814		 16030	Not Found	0.00000000000000000000
 815		  7785	 14056	0.00000000000000000000
 816		  9445	 13331	0.00000000000000000000
 817		  2760	   133	0.00000000000000000000
 818		 27723	Not Found	0.00100000000000000000
 819		 20650	  2937	0.00000000000000000000
 820		   393	  4570	0.00000000000000000000
 821		 10984	Not Found	0.00000000000000000000
 822		 14605	Not Found	0.00000000000000000000
 823		 30021	Not Found	0.00000000000000000000
 824		 15444	  5027	0.00000000000000000000
 825		  9457	 15321	0.00000000000000000000
 826		 24302	 12786	0.00000000000000000000
 827		  3565	Not Found	0.00000000000000000000
 828		   191	 10895	0.00000000000000000000
 829		  9422	 10498	0.00000000000000000000
 830		  3904	Not Found	0.00000000000000000000
 831		 10107	  5531	0.00000000000000000000
 832		  1482	  6851	0.00000000000000000000
 833		 11467	Not Found	0.00000000000000000000
 834		  3376	Not Found	0.00000000000000000000
 835		 23094	Not Found	0.00000000000000000000
 836		  7477	Not Found	0.00000000000000000000
 837		 14327	Not Found	0.00000000000000000000
 838		 22174	Not Found	0.00000000000000000000
 839		  8017	 12662	0.00000000000000000000
 840		 17139	  5214	0.00000000000000000000
 841		 23501	Not Found	0.00000000000000000000
 842		 20268	Not Found	0.00000000000000000000
 843		  8117	  9325	0.00000000000000000000
 844		 16604	Not Found	0.00000000000000000000
 845		 11540	 12381	0.00000000000000000000
 846		  8597	  5699	0.00000000000000000000
 847		 24577	Not Found	0.00000000000000000000
 848		 15010	Not Found	0.00000000000000000000
 849		 27652	Not Found	0.00000000000000000000
 850		 19265	  7123	0.00000000000000000000
 851		 28111	Not Found	0.00000000000000000000
 852		 13830	   427	0.00000000000000000000
 853		 15274	Not Found	0.00000000000000000000
 854		  1558	Not Found	0.00000000000000000000
 855		 29242	Not Found	0.00000000000000000000
 856		 29515	  3456	0.00000000000000000000
 857		 26766	Not Found	0.00000000000000000000
 858		  1168	  4494	0.00000000000000000000
 859		 19869	Not Found	0.00000000000000000000
 860		 10731	Not Found	0.00000000000000000000
 861		   658	 15465	0.00000000000000000000
 862		 13332	Not Found	0.00000000000000000000
 863		  8348	   451	0.00000000000000000000
 864		   138	Not Found	0.00000000000000000000
 865		 19997	  3535	0.00000000000000000000
 866		 31105	Not Found	0.00000000000000000000
 867		 26217	Not Found	0.00000000000000000000
 868		 16168	Not Found	0.00000000000000000000
 869		 20601	Not Found	0.00000000000000000000
 870		  7177	Not Found	0.00000000000000000000
 871		  1088	   415	0.00000000000000000000
 872		 20122	Not Found	0.00000000000000000000
 873		 31610	Not Found	0.00000000000000000000
 874		 21055	  2530	0.00000000000000000000
 875		 29236	  8182	0.00000000000000000000
 876		 12347	  3108	0.00000000000000000000
 877		 15457	Not Found	0.00000000000000000000
 878		  9584	 14737	0.00000000000000000000
 879		 24878	Not Found	0.00000000000000000000
 880		 10975	Not Found	0.00000000000000000000
 881		 29183	Not Found	0.00000000000000000000
 882		  7991	 14672	0.00000000000000000000
 883		   563	Not Found	0.00000000000000000000
 884		   520	  8044	0.00000000000000000000
 885		  3614	  6933	0.00000000000000000000
 886		 30028	 15699	0.00000000000000000000
 887		 21221	Not Found	0.00000000000000000000
 888		  8285	 12693	0.00000000000000000000
 889		 26140	Not Found	0.00000000000000000000
 890		 10141	Not Found	0.00000000000000000000
 891		  4941	 10230	0.00000000000000000000
 892		 18007	Not Found	0.00000000000000000000
 893		 30425	Not Found	0.00000000000000000000
 894		 17568	Not Found	0.00000000000000000000
 895		 18647	Not Found	0.00000000000000000000
 896		  4414	  2616	0.00000000000000000000
 897		  8148	Not Found	0.00000000000000000000
 898		 18407	Not Found	0.00000000000000000000
 899		 29342	Not Found	0.00000000000000000000
 900		 28244	Not Found	0.00000000000000000000
 901		  6544	Not Found	0.00000000000000000000
 902		 18165	Not Found	0.00000000000000000000
 903		 21226	  9903	0.00000000000000000000
 904		 20048	  1968	0.00000000000000000000
 905		 11069	Not Found	0.00000000000000000000
 906		 24656	  8845	0.00000000000000000000
 907		 29175	 11915	0.00000000000000000000
 908		 11533	Not Found	0.00000000000000000000
 909		 25492	Not Found	0.00000000000000000000
 910		  8407	  1155	0.00000000000000000000
 911		 15865	Not Found	0.00000000000000000000
 912		 16772	Not Found	0.00000000000000000000
 913		 22787	Not Found	0.00000000000000000000
 914		 21334	 15024	0.00000000000000000000
 915		 27740	Not Found	0.00000000000000000000
 916		 27128	Not Found	0.00000000000000000000
 917		 13578	  8977	0.00000000000000000000
 918		 28248	Not Found	0.00000000000000000000
 919		    80	  1194	0.00000000000000000000
 920		 10352	 15027	0.00000000000000000000
 921		  3813	Not Found	0.00000000000000000000
 922		  5180	Not Found	0.00000000000000000000
 923		  6789	  9030	0.00000000000000000000
 924		 17258	  3577	0.00000000000000000000
 925		 22891	Not Found	0.00000000000000000000
 926		 22923	 13710	0.00000000000000000000
 927		 30259	Not Found	0.00000000000000000000
 928		 24270	Not Found	0.00000000000000000000
 929		 26678	Not Found	0.00000000000000000000
 930		 17801	Not Found	0.00000000000000000000
 931		 14174	Not Found	0.00000000000000000000
 932		  8481	Not Found	0.00000000000000000000
 933		 20484	Not Found	0.00000000000000000000
 934		 16650	Not Found	0.00000000000000000000
 935		 28248	Not Found	0.00000000000000000000
 936		 14587	Not Found	0.00000000000000000000
 937		  9821	Not Found	0.00000000000000000000
 938		 26503	 12721	0.00000000000000000000
 939		 29831	  1296	0.00000000000000000000
 940		 22203	Not Found	0.00000000000000000000
 941		 25718	Not Found	0.00000000000000000000
 942		 28273	Not Found	0.00000000000000000000
 943		  1640	 11288	0.00000000000000000000
 944		 28281	Not Found	0.00000000000000000000
 945		 29014	Not Found	0.00000000000000000000
 946		  5829	 15563	0.00000000000000000000
 947		 16084	  5764	0.00000000000000000000
 948		 22076	Not Found	0.00000000000000000000
 949		  5943	  5010	0.00000000000000000000
 950		 23777	Not Found	0.00000000000000000000
 951		 22403	   763	0.00000000000000000000
 952		  5229	Not Found	0.00000000000000000000
 953		 26671	Not Found	0.00000000000000000000
 954		 23190	Not Found	0.00000000000000000000
 955		 21198	Not Found	0.00000000000000000000
 956		 29324	Not Found	0.00000000000000000000
 957		 22031	Not Found	0.00000000000000000000
 958		  3966	Not Found	0.00000000000000000000
 959		 29369	Not Found	0.00000000000000000000
 960		 10274	Not Found	0.00000000000000000000
 961		   396	  1655	0.00000000000000000000
 962		   912	Not Found	0.00000000000000000000
 963		  8496	Not Found	0.00000000000000000000
 964		 12791	  8759	0.00000000000000000000
 965		  1180	Not Found	0.00000000000000000000
 966		 30705	Not Found	0.00000000000000000000
 967		 11665	  9072	0.00000000000000000000
 968		 10628	  6864	0.00000000000000000000
 969		 15395	Not Found	0.00100000000000000000
 970		  6669	Not Found	0.00000000000000000000
 971		   875	Not Found	0.00000000000000000000
 972		 12459	Not Found	0.00000000000000000000
 973		 21711	Not Found	0.00000000000000000000
 974		 27879	Not Found	0.00000000000000000000
 975		 16006	Not Found	0.00000000000000000000
 976		 17830	  2662	0.00000000000000000000
 977		  8000	Not Found	0.00000000000000000000
 978		 23725	  3396	0.00000000000000000000
 979		 16419	Not Found	0.00000000000000000000
 980		  4926	Not Found	0.00000000000000000000
 981		 28525	  5319	0.00000000000000000000
 982		 12432	Not Found	0.00000000000000000000
 983		 10628	  6864	0.00000000000000000000
 984		  4413	Not Found	0.00000000000000000000
 985		  2883	Not Found	0.00000000000000000000
 986		 20179	Not Found	0.00000000000000000000
 987		 24495	Not Found	0.00000000000000000000
 988		  2341	Not Found	0.00000000000000000000
 989		 27791	 12145	0.00000000000000000000
 990		  1825	 15304	0.00000000000000000000
 991		 31856	Not Found	0.00000000000000000000
 992		 21282	Not Found	0.00000000000000000000
 993		 23069	Not Found	0.00000000000000000000
 994		 22307	  8629	0.00000000000000000000
 995		 20637	 13033	0.00000000000000000000
 996		 24382	Not Found	0.00000000000000000000
 997		  7201	Not Found	0.00000000000000000000
 998		 23890	  9408	0.00000000000000000000
 999		 23453	Not Found	0.00000000000000000000
1000		 24276	  5786	0.00000000000000000000
